Sample	0	1	2	3	4	5	6	7	8	9	10	11	12	13	14	15	16	17	18	19	20	21	22	23	24	25	26	27	28	29	30	31	32	33	34	35	36	37	38
PM2469_S1_R1	(2.0, 648.0)	(3.0, 0.0)	(4.0, 0.0)	(5.0, 0.0)	(6.0, 0.0)	(7.0, 0.0)	(8.0, 0.0)	(9.0, 0.0)	(10.0, 0.0)	(11.0, 0.0)	(12.0, 0.0)	(13.0, 0.0)	(14.0, 0.0)	(15.0, 0.0)	(16.0, 0.0)	(17.0, 2.0)	(18.0, 6.0)	(19.0, 20.0)	(20.0, 76.0)	(21.0, 294.0)	(22.0, 919.0)	(23.0, 2317.0)	(24.0, 5313.0)	(25.0, 10862.0)	(26.0, 20686.0)	(27.0, 35467.0)	(28.0, 56319.0)	(29.0, 85178.0)	(30.0, 122156.0)	(31.0, 164888.0)	(32.0, 216470.0)	(33.0, 279048.0)	(34.0, 361751.0)	(35.0, 494939.0)	(36.0, 800081.0)	(37.0, 1695695.0)			
PM2469_S1_R2	(2.0, 626.0)	(3.0, 0.0)	(4.0, 1.0)	(5.0, 4.0)	(6.0, 13.0)	(7.0, 12.0)	(8.0, 15.0)	(9.0, 18.0)	(10.0, 23.0)	(11.0, 27.0)	(12.0, 31.0)	(13.0, 131.0)	(14.0, 585.0)	(15.0, 1639.0)	(16.0, 3349.0)	(17.0, 4934.0)	(18.0, 6334.0)	(19.0, 8148.0)	(20.0, 10847.0)	(21.0, 14406.0)	(22.0, 20063.0)	(23.0, 27241.0)	(24.0, 37130.0)	(25.0, 49334.0)	(26.0, 64382.0)	(27.0, 81584.0)	(28.0, 102768.0)	(29.0, 126400.0)	(30.0, 155652.0)	(31.0, 189176.0)	(32.0, 231717.0)	(33.0, 286814.0)	(34.0, 363214.0)	(35.0, 493720.0)	(36.0, 800131.0)	(37.0, 1272666.0)			
PM2486_S27_R1	(2.0, 4926.0)	(3.0, 0.0)	(4.0, 0.0)	(5.0, 0.0)	(6.0, 0.0)	(7.0, 0.0)	(8.0, 0.0)	(9.0, 0.0)	(10.0, 0.0)	(11.0, 0.0)	(12.0, 0.0)	(13.0, 0.0)	(14.0, 1.0)	(15.0, 17.0)	(16.0, 217.0)	(17.0, 1434.0)	(18.0, 8296.0)	(19.0, 36567.0)	(20.0, 88956.0)	(21.0, 121228.0)	(22.0, 126950.0)	(23.0, 114354.0)	(24.0, 110509.0)	(25.0, 107732.0)	(26.0, 113217.0)	(27.0, 120531.0)	(28.0, 139760.0)	(29.0, 155084.0)	(30.0, 180168.0)	(31.0, 207037.0)	(32.0, 253705.0)	(33.0, 300524.0)	(34.0, 390573.0)	(35.0, 540883.0)	(36.0, 839987.0)	(37.0, 1243890.0)	(38.0, 2264761.0)	(39.0, 9146427.0)	(40.0, 8633914.0)
PM2486_S27_R2	(2.0, 3667.0)	(3.0, 0.0)	(4.0, 0.0)	(5.0, 0.0)	(6.0, 0.0)	(7.0, 0.0)	(8.0, 0.0)	(9.0, 0.0)	(10.0, 0.0)	(11.0, 0.0)	(12.0, 0.0)	(13.0, 7.0)	(14.0, 333.0)	(15.0, 6554.0)	(16.0, 54167.0)	(17.0, 170409.0)	(18.0, 288477.0)	(19.0, 324896.0)	(20.0, 298401.0)	(21.0, 234317.0)	(22.0, 171958.0)	(23.0, 126487.0)	(24.0, 110345.0)	(25.0, 102148.0)	(26.0, 103822.0)	(27.0, 108469.0)	(28.0, 121084.0)	(29.0, 130531.0)	(30.0, 147485.0)	(31.0, 169349.0)	(32.0, 207954.0)	(33.0, 251302.0)	(34.0, 333455.0)	(35.0, 473516.0)	(36.0, 734981.0)	(37.0, 1060800.0)	(38.0, 1938677.0)	(39.0, 7423816.0)	(40.0, 10154241.0)
PM2494_S26_R1	(2.0, 4251.0)	(3.0, 0.0)	(4.0, 0.0)	(5.0, 0.0)	(6.0, 0.0)	(7.0, 0.0)	(8.0, 0.0)	(9.0, 0.0)	(10.0, 0.0)	(11.0, 0.0)	(12.0, 0.0)	(13.0, 0.0)	(14.0, 0.0)	(15.0, 14.0)	(16.0, 231.0)	(17.0, 1704.0)	(18.0, 10963.0)	(19.0, 48044.0)	(20.0, 113984.0)	(21.0, 151286.0)	(22.0, 155997.0)	(23.0, 144201.0)	(24.0, 139824.0)	(25.0, 136737.0)	(26.0, 142904.0)	(27.0, 149839.0)	(28.0, 171366.0)	(29.0, 190988.0)	(30.0, 222459.0)	(31.0, 253911.0)	(32.0, 307902.0)	(33.0, 359559.0)	(34.0, 463199.0)	(35.0, 634173.0)	(36.0, 980992.0)	(37.0, 1434413.0)	(38.0, 2591978.0)	(39.0, 10547874.0)	(40.0, 9709958.0)
PM2494_S26_R2	(2.0, 3414.0)	(3.0, 0.0)	(4.0, 0.0)	(5.0, 0.0)	(6.0, 0.0)	(7.0, 0.0)	(8.0, 0.0)	(9.0, 0.0)	(10.0, 0.0)	(11.0, 0.0)	(12.0, 0.0)	(13.0, 14.0)	(14.0, 411.0)	(15.0, 8099.0)	(16.0, 68626.0)	(17.0, 222469.0)	(18.0, 381679.0)	(19.0, 428635.0)	(20.0, 383376.0)	(21.0, 287052.0)	(22.0, 206890.0)	(23.0, 151824.0)	(24.0, 131003.0)	(25.0, 120850.0)	(26.0, 122372.0)	(27.0, 127648.0)	(28.0, 143452.0)	(29.0, 156223.0)	(30.0, 178368.0)	(31.0, 206285.0)	(32.0, 256751.0)	(33.0, 316101.0)	(34.0, 421711.0)	(35.0, 591927.0)	(36.0, 904304.0)	(37.0, 1282483.0)	(38.0, 2304079.0)	(39.0, 8241695.0)	(40.0, 11421010.0)
PM2497_S12_R1	(2.0, 7104.0)	(3.0, 0.0)	(4.0, 0.0)	(5.0, 0.0)	(6.0, 0.0)	(7.0, 0.0)	(8.0, 0.0)	(9.0, 0.0)	(10.0, 0.0)	(11.0, 0.0)	(12.0, 0.0)	(13.0, 0.0)	(14.0, 0.0)	(15.0, 1.0)	(16.0, 113.0)	(17.0, 1196.0)	(18.0, 11501.0)	(19.0, 58497.0)	(20.0, 148936.0)	(21.0, 211919.0)	(22.0, 224805.0)	(23.0, 208124.0)	(24.0, 208494.0)	(25.0, 212575.0)	(26.0, 230575.0)	(27.0, 244182.0)	(28.0, 271701.0)	(29.0, 297183.0)	(30.0, 341297.0)	(31.0, 391668.0)	(32.0, 474830.0)	(33.0, 561320.0)	(34.0, 717537.0)	(35.0, 981055.0)	(36.0, 1500129.0)	(37.0, 2187492.0)	(38.0, 3978472.0)	(39.0, 16125374.0)	(40.0, 13055786.0)
PM2497_S12_R2	(2.0, 4936.0)	(3.0, 0.0)	(4.0, 0.0)	(5.0, 0.0)	(6.0, 0.0)	(7.0, 0.0)	(8.0, 0.0)	(9.0, 0.0)	(10.0, 0.0)	(11.0, 0.0)	(12.0, 0.0)	(13.0, 6.0)	(14.0, 279.0)	(15.0, 4746.0)	(16.0, 36412.0)	(17.0, 117305.0)	(18.0, 225225.0)	(19.0, 313220.0)	(20.0, 363557.0)	(21.0, 332427.0)	(22.0, 268204.0)	(23.0, 212562.0)	(24.0, 192953.0)	(25.0, 180637.0)	(26.0, 184987.0)	(27.0, 194628.0)	(28.0, 219702.0)	(29.0, 233448.0)	(30.0, 262403.0)	(31.0, 298632.0)	(32.0, 363581.0)	(33.0, 437138.0)	(34.0, 568905.0)	(35.0, 792205.0)	(36.0, 1221994.0)	(37.0, 1778500.0)	(38.0, 3324545.0)	(39.0, 13558399.0)	(40.0, 16960330.0)
PM2524_S24_R1	(2.0, 6709.0)	(3.0, 0.0)	(4.0, 0.0)	(5.0, 0.0)	(6.0, 0.0)	(7.0, 0.0)	(8.0, 0.0)	(9.0, 0.0)	(10.0, 0.0)	(11.0, 0.0)	(12.0, 0.0)	(13.0, 0.0)	(14.0, 0.0)	(15.0, 21.0)	(16.0, 362.0)	(17.0, 2179.0)	(18.0, 13186.0)	(19.0, 59060.0)	(20.0, 150217.0)	(21.0, 217768.0)	(22.0, 235548.0)	(23.0, 219150.0)	(24.0, 216177.0)	(25.0, 216506.0)	(26.0, 230498.0)	(27.0, 246048.0)	(28.0, 283029.0)	(29.0, 311871.0)	(30.0, 352687.0)	(31.0, 397089.0)	(32.0, 478850.0)	(33.0, 566904.0)	(34.0, 730394.0)	(35.0, 1006190.0)	(36.0, 1566660.0)	(37.0, 2346337.0)	(38.0, 4185494.0)	(39.0, 15775452.0)	(40.0, 13638330.0)
PM2524_S24_R2	(2.0, 4823.0)	(3.0, 0.0)	(4.0, 0.0)	(5.0, 0.0)	(6.0, 0.0)	(7.0, 0.0)	(8.0, 0.0)	(9.0, 0.0)	(10.0, 0.0)	(11.0, 0.0)	(12.0, 0.0)	(13.0, 7.0)	(14.0, 489.0)	(15.0, 10728.0)	(16.0, 88338.0)	(17.0, 279849.0)	(18.0, 461534.0)	(19.0, 509524.0)	(20.0, 474325.0)	(21.0, 382502.0)	(22.0, 288097.0)	(23.0, 218021.0)	(24.0, 193668.0)	(25.0, 180335.0)	(26.0, 185256.0)	(27.0, 193306.0)	(28.0, 215513.0)	(29.0, 231277.0)	(30.0, 259984.0)	(31.0, 298181.0)	(32.0, 364677.0)	(33.0, 440643.0)	(34.0, 585322.0)	(35.0, 839758.0)	(36.0, 1333157.0)	(37.0, 1979401.0)	(38.0, 3707070.0)	(39.0, 13924821.0)	(40.0, 15802110.0)
PM2528_S2_R1	(2.0, 2902.0)	(3.0, 0.0)	(4.0, 0.0)	(5.0, 0.0)	(6.0, 0.0)	(7.0, 0.0)	(8.0, 0.0)	(9.0, 0.0)	(10.0, 0.0)	(11.0, 0.0)	(12.0, 0.0)	(13.0, 0.0)	(14.0, 0.0)	(15.0, 0.0)	(16.0, 0.0)	(17.0, 0.0)	(18.0, 4.0)	(19.0, 22.0)	(20.0, 126.0)	(21.0, 346.0)	(22.0, 1087.0)	(23.0, 2731.0)	(24.0, 6206.0)	(25.0, 12554.0)	(26.0, 23085.0)	(27.0, 39481.0)	(28.0, 61606.0)	(29.0, 91741.0)	(30.0, 129221.0)	(31.0, 173932.0)	(32.0, 227065.0)	(33.0, 291281.0)	(34.0, 375134.0)	(35.0, 508381.0)	(36.0, 819970.0)	(37.0, 1698564.0)			
PM2528_S2_R2	(2.0, 2812.0)	(3.0, 0.0)	(4.0, 5.0)	(5.0, 5.0)	(6.0, 15.0)	(7.0, 12.0)	(8.0, 9.0)	(9.0, 21.0)	(10.0, 21.0)	(11.0, 24.0)	(12.0, 28.0)	(13.0, 73.0)	(14.0, 238.0)	(15.0, 727.0)	(16.0, 1458.0)	(17.0, 2635.0)	(18.0, 4603.0)	(19.0, 6993.0)	(20.0, 10422.0)	(21.0, 15415.0)	(22.0, 22224.0)	(23.0, 30895.0)	(24.0, 42544.0)	(25.0, 55890.0)	(26.0, 72503.0)	(27.0, 92015.0)	(28.0, 114519.0)	(29.0, 141033.0)	(30.0, 170558.0)	(31.0, 205489.0)	(32.0, 250097.0)	(33.0, 305273.0)	(34.0, 384135.0)	(35.0, 515304.0)	(36.0, 810391.0)	(37.0, 1207053.0)			
PM2539_S23_R1	(2.0, 6306.0)	(3.0, 0.0)	(4.0, 0.0)	(5.0, 0.0)	(6.0, 0.0)	(7.0, 0.0)	(8.0, 0.0)	(9.0, 0.0)	(10.0, 0.0)	(11.0, 0.0)	(12.0, 0.0)	(13.0, 0.0)	(14.0, 0.0)	(15.0, 16.0)	(16.0, 308.0)	(17.0, 2329.0)	(18.0, 14119.0)	(19.0, 58481.0)	(20.0, 139665.0)	(21.0, 193242.0)	(22.0, 209295.0)	(23.0, 203592.0)	(24.0, 206034.0)	(25.0, 204451.0)	(26.0, 212583.0)	(27.0, 219867.0)	(28.0, 242899.0)	(29.0, 263093.0)	(30.0, 297708.0)	(31.0, 335941.0)	(32.0, 402903.0)	(33.0, 467729.0)	(34.0, 595462.0)	(35.0, 797075.0)	(36.0, 1221220.0)	(37.0, 1799192.0)	(38.0, 3158783.0)	(39.0, 11044084.0)	(40.0, 9630230.0)
PM2539_S23_R2	(2.0, 4425.0)	(3.0, 0.0)	(4.0, 0.0)	(5.0, 0.0)	(6.0, 0.0)	(7.0, 0.0)	(8.0, 0.0)	(9.0, 0.0)	(10.0, 0.0)	(11.0, 0.0)	(12.0, 1.0)	(13.0, 17.0)	(14.0, 549.0)	(15.0, 11800.0)	(16.0, 97828.0)	(17.0, 304447.0)	(18.0, 508113.0)	(19.0, 561921.0)	(20.0, 492898.0)	(21.0, 367485.0)	(22.0, 268368.0)	(23.0, 198069.0)	(24.0, 167867.0)	(25.0, 150748.0)	(26.0, 150708.0)	(27.0, 156952.0)	(28.0, 176144.0)	(29.0, 192968.0)	(30.0, 221276.0)	(31.0, 260294.0)	(32.0, 329757.0)	(33.0, 406911.0)	(34.0, 533806.0)	(35.0, 737079.0)	(36.0, 1102941.0)	(37.0, 1536573.0)	(38.0, 2637209.0)	(39.0, 8559514.0)	(40.0, 11789939.0)
PM2577_S13_R1	(2.0, 13955.0)	(3.0, 0.0)	(4.0, 0.0)	(5.0, 0.0)	(6.0, 0.0)	(7.0, 0.0)	(8.0, 0.0)	(9.0, 0.0)	(10.0, 0.0)	(11.0, 0.0)	(12.0, 0.0)	(13.0, 0.0)	(14.0, 1.0)	(15.0, 4.0)	(16.0, 122.0)	(17.0, 2185.0)	(18.0, 25786.0)	(19.0, 135289.0)	(20.0, 342741.0)	(21.0, 477026.0)	(22.0, 493478.0)	(23.0, 446530.0)	(24.0, 441383.0)	(25.0, 450625.0)	(26.0, 489147.0)	(27.0, 520194.0)	(28.0, 585771.0)	(29.0, 647526.0)	(30.0, 746281.0)	(31.0, 856154.0)	(32.0, 1044501.0)	(33.0, 1242648.0)	(34.0, 1598120.0)	(35.0, 2205758.0)	(36.0, 3416443.0)	(37.0, 5053651.0)	(38.0, 9358169.0)	(39.0, 38966693.0)	(40.0, 31973548.0)
PM2577_S13_R2	(2.0, 10114.0)	(3.0, 0.0)	(4.0, 0.0)	(5.0, 0.0)	(6.0, 0.0)	(7.0, 0.0)	(8.0, 0.0)	(9.0, 0.0)	(10.0, 0.0)	(11.0, 0.0)	(12.0, 0.0)	(13.0, 13.0)	(14.0, 434.0)	(15.0, 6849.0)	(16.0, 52237.0)	(17.0, 176685.0)	(18.0, 377189.0)	(19.0, 595377.0)	(20.0, 765844.0)	(21.0, 738825.0)	(22.0, 596873.0)	(23.0, 468387.0)	(24.0, 431133.0)	(25.0, 409783.0)	(26.0, 424559.0)	(27.0, 449981.0)	(28.0, 509077.0)	(29.0, 549872.0)	(30.0, 617584.0)	(31.0, 704200.0)	(32.0, 850966.0)	(33.0, 1013138.0)	(34.0, 1306712.0)	(35.0, 1818200.0)	(36.0, 2833857.0)	(37.0, 4204707.0)	(38.0, 7984056.0)	(39.0, 33401029.0)	(40.0, 40236048.0)
PM2601_S14_R1	(2.0, 14928.0)	(3.0, 0.0)	(4.0, 0.0)	(5.0, 0.0)	(6.0, 0.0)	(7.0, 0.0)	(8.0, 0.0)	(9.0, 0.0)	(10.0, 0.0)	(11.0, 0.0)	(12.0, 0.0)	(13.0, 0.0)	(14.0, 0.0)	(15.0, 7.0)	(16.0, 80.0)	(17.0, 1194.0)	(18.0, 12293.0)	(19.0, 63906.0)	(20.0, 163076.0)	(21.0, 225737.0)	(22.0, 234375.0)	(23.0, 213815.0)	(24.0, 218647.0)	(25.0, 226493.0)	(26.0, 252441.0)	(27.0, 268952.0)	(28.0, 293334.0)	(29.0, 318576.0)	(30.0, 362794.0)	(31.0, 415213.0)	(32.0, 505252.0)	(33.0, 598835.0)	(34.0, 767589.0)	(35.0, 1045319.0)	(36.0, 1607891.0)	(37.0, 2359321.0)	(38.0, 4329858.0)	(39.0, 17173348.0)	(40.0, 12653368.0)
PM2601_S14_R2	(2.0, 13633.0)	(3.0, 0.0)	(4.0, 0.0)	(5.0, 0.0)	(6.0, 0.0)	(7.0, 0.0)	(8.0, 0.0)	(9.0, 0.0)	(10.0, 0.0)	(11.0, 0.0)	(12.0, 0.0)	(13.0, 8.0)	(14.0, 295.0)	(15.0, 5393.0)	(16.0, 39841.0)	(17.0, 124343.0)	(18.0, 233079.0)	(19.0, 319004.0)	(20.0, 369622.0)	(21.0, 344048.0)	(22.0, 288961.0)	(23.0, 234371.0)	(24.0, 211732.0)	(25.0, 196804.0)	(26.0, 200165.0)	(27.0, 207702.0)	(28.0, 234402.0)	(29.0, 248797.0)	(30.0, 278656.0)	(31.0, 313567.0)	(32.0, 377166.0)	(33.0, 446981.0)	(34.0, 571959.0)	(35.0, 792939.0)	(36.0, 1243827.0)	(37.0, 1854937.0)	(38.0, 3562168.0)	(39.0, 15121355.0)	(40.0, 16490887.0)
PM2616_S22_R1	(2.0, 1856.0)	(3.0, 0.0)	(4.0, 0.0)	(5.0, 0.0)	(6.0, 0.0)	(7.0, 0.0)	(8.0, 0.0)	(9.0, 0.0)	(10.0, 0.0)	(11.0, 0.0)	(12.0, 0.0)	(13.0, 0.0)	(14.0, 0.0)	(15.0, 21.0)	(16.0, 476.0)	(17.0, 2847.0)	(18.0, 11917.0)	(19.0, 41620.0)	(20.0, 99988.0)	(21.0, 142747.0)	(22.0, 152682.0)	(23.0, 141536.0)	(24.0, 135983.0)	(25.0, 130094.0)	(26.0, 135423.0)	(27.0, 141584.0)	(28.0, 161382.0)	(29.0, 178242.0)	(30.0, 202474.0)	(31.0, 224538.0)	(32.0, 266691.0)	(33.0, 316296.0)	(34.0, 408697.0)	(35.0, 560043.0)	(36.0, 868122.0)	(37.0, 1280505.0)	(38.0, 2295739.0)	(39.0, 8736642.0)	(40.0, 7172690.0)
PM2616_S22_R2	(2.0, 1127.0)	(3.0, 0.0)	(4.0, 0.0)	(5.0, 0.0)	(6.0, 0.0)	(7.0, 0.0)	(8.0, 0.0)	(9.0, 0.0)	(10.0, 0.0)	(11.0, 0.0)	(12.0, 0.0)	(13.0, 13.0)	(14.0, 540.0)	(15.0, 11618.0)	(16.0, 101837.0)	(17.0, 320704.0)	(18.0, 522303.0)	(19.0, 531888.0)	(20.0, 414358.0)	(21.0, 283733.0)	(22.0, 203416.0)	(23.0, 150366.0)	(24.0, 127785.0)	(25.0, 115524.0)	(26.0, 115771.0)	(27.0, 120840.0)	(28.0, 134357.0)	(29.0, 144183.0)	(30.0, 164998.0)	(31.0, 192875.0)	(32.0, 246756.0)	(33.0, 308071.0)	(34.0, 416339.0)	(35.0, 597408.0)	(36.0, 921810.0)	(37.0, 1306795.0)	(38.0, 2255165.0)	(39.0, 6627093.0)	(40.0, 7473162.0)
PM2622_S32_R1	(2.0, 1277.0)	(3.0, 0.0)	(4.0, 0.0)	(5.0, 0.0)	(6.0, 0.0)	(7.0, 0.0)	(8.0, 0.0)	(9.0, 0.0)	(10.0, 0.0)	(11.0, 0.0)	(12.0, 0.0)	(13.0, 0.0)	(14.0, 0.0)	(15.0, 0.0)	(16.0, 32.0)	(17.0, 617.0)	(18.0, 7690.0)	(19.0, 42071.0)	(20.0, 112040.0)	(21.0, 167017.0)	(22.0, 184959.0)	(23.0, 171473.0)	(24.0, 170684.0)	(25.0, 170171.0)	(26.0, 178068.0)	(27.0, 189645.0)	(28.0, 216765.0)	(29.0, 239485.0)	(30.0, 276856.0)	(31.0, 317650.0)	(32.0, 385955.0)	(33.0, 457199.0)	(34.0, 589636.0)	(35.0, 814396.0)	(36.0, 1270743.0)	(37.0, 1895159.0)	(38.0, 3491877.0)	(39.0, 14402569.0)	(40.0, 12987126.0)
PM2622_S32_R2	(2.0, 1042.0)	(3.0, 0.0)	(4.0, 0.0)	(5.0, 0.0)	(6.0, 0.0)	(7.0, 0.0)	(8.0, 0.0)	(9.0, 0.0)	(10.0, 0.0)	(11.0, 0.0)	(12.0, 0.0)	(13.0, 3.0)	(14.0, 82.0)	(15.0, 1509.0)	(16.0, 11771.0)	(17.0, 41391.0)	(18.0, 98665.0)	(19.0, 175770.0)	(20.0, 243699.0)	(21.0, 240462.0)	(22.0, 192485.0)	(23.0, 149960.0)	(24.0, 139687.0)	(25.0, 135734.0)	(26.0, 141458.0)	(27.0, 150620.0)	(28.0, 172648.0)	(29.0, 188899.0)	(30.0, 216352.0)	(31.0, 248023.0)	(32.0, 300982.0)	(33.0, 356757.0)	(34.0, 460130.0)	(35.0, 634256.0)	(36.0, 987566.0)	(37.0, 1453916.0)	(38.0, 2793884.0)	(39.0, 12675682.0)	(40.0, 16527727.0)
PM3050_S3_R1	(2.0, 1363.0)	(3.0, 0.0)	(4.0, 0.0)	(5.0, 0.0)	(6.0, 0.0)	(7.0, 0.0)	(8.0, 0.0)	(9.0, 0.0)	(10.0, 0.0)	(11.0, 0.0)	(12.0, 0.0)	(13.0, 0.0)	(14.0, 0.0)	(15.0, 0.0)	(16.0, 0.0)	(17.0, 1.0)	(18.0, 5.0)	(19.0, 37.0)	(20.0, 148.0)	(21.0, 512.0)	(22.0, 1364.0)	(23.0, 3488.0)	(24.0, 7674.0)	(25.0, 15500.0)	(26.0, 28325.0)	(27.0, 49049.0)	(28.0, 77813.0)	(29.0, 117396.0)	(30.0, 166589.0)	(31.0, 227296.0)	(32.0, 299872.0)	(33.0, 387725.0)	(34.0, 504374.0)	(35.0, 691515.0)	(36.0, 1126793.0)	(37.0, 2501399.0)			
PM3050_S3_R2	(2.0, 1339.0)	(3.0, 1.0)	(4.0, 4.0)	(5.0, 13.0)	(6.0, 15.0)	(7.0, 22.0)	(8.0, 28.0)	(9.0, 22.0)	(10.0, 37.0)	(11.0, 31.0)	(12.0, 54.0)	(13.0, 146.0)	(14.0, 598.0)	(15.0, 1731.0)	(16.0, 3057.0)	(17.0, 4566.0)	(18.0, 6282.0)	(19.0, 8331.0)	(20.0, 11259.0)	(21.0, 15808.0)	(22.0, 22137.0)	(23.0, 30597.0)	(24.0, 42458.0)	(25.0, 57997.0)	(26.0, 77030.0)	(27.0, 100160.0)	(28.0, 128245.0)	(29.0, 162348.0)	(30.0, 203062.0)	(31.0, 252371.0)	(32.0, 314715.0)	(33.0, 393701.0)	(34.0, 509280.0)	(35.0, 701048.0)	(36.0, 1151759.0)	(37.0, 2007986.0)			
PM3051_S4_R1	(2.0, 1827.0)	(3.0, 0.0)	(4.0, 0.0)	(5.0, 0.0)	(6.0, 0.0)	(7.0, 0.0)	(8.0, 0.0)	(9.0, 0.0)	(10.0, 0.0)	(11.0, 0.0)	(12.0, 0.0)	(13.0, 0.0)	(14.0, 0.0)	(15.0, 0.0)	(16.0, 0.0)	(17.0, 4.0)	(18.0, 8.0)	(19.0, 32.0)	(20.0, 141.0)	(21.0, 446.0)	(22.0, 1174.0)	(23.0, 3050.0)	(24.0, 6586.0)	(25.0, 12987.0)	(26.0, 23660.0)	(27.0, 39887.0)	(28.0, 62535.0)	(29.0, 92851.0)	(30.0, 130256.0)	(31.0, 175118.0)	(32.0, 228666.0)	(33.0, 294594.0)	(34.0, 379258.0)	(35.0, 520066.0)	(36.0, 843198.0)	(37.0, 1789536.0)			
PM3051_S4_R2	(2.0, 1746.0)	(3.0, 0.0)	(4.0, 5.0)	(5.0, 11.0)	(6.0, 21.0)	(7.0, 10.0)	(8.0, 27.0)	(9.0, 23.0)	(10.0, 23.0)	(11.0, 30.0)	(12.0, 29.0)	(13.0, 83.0)	(14.0, 322.0)	(15.0, 846.0)	(16.0, 1522.0)	(17.0, 2429.0)	(18.0, 3989.0)	(19.0, 6388.0)	(20.0, 10034.0)	(21.0, 14983.0)	(22.0, 21670.0)	(23.0, 30776.0)	(24.0, 42410.0)	(25.0, 56909.0)	(26.0, 73299.0)	(27.0, 93213.0)	(28.0, 116496.0)	(29.0, 143699.0)	(30.0, 174338.0)	(31.0, 210880.0)	(32.0, 256245.0)	(33.0, 314656.0)	(34.0, 398248.0)	(35.0, 537750.0)	(36.0, 853277.0)	(37.0, 1239493.0)			
PM3153_S5_R1	(2.0, 1127.0)	(3.0, 0.0)	(4.0, 0.0)	(5.0, 0.0)	(6.0, 0.0)	(7.0, 0.0)	(8.0, 0.0)	(9.0, 0.0)	(10.0, 0.0)	(11.0, 0.0)	(12.0, 0.0)	(13.0, 0.0)	(14.0, 0.0)	(15.0, 0.0)	(16.0, 0.0)	(17.0, 0.0)	(18.0, 6.0)	(19.0, 23.0)	(20.0, 133.0)	(21.0, 434.0)	(22.0, 1215.0)	(23.0, 3177.0)	(24.0, 7008.0)	(25.0, 14038.0)	(26.0, 25875.0)	(27.0, 44167.0)	(28.0, 70218.0)	(29.0, 103801.0)	(30.0, 146014.0)	(31.0, 197237.0)	(32.0, 258328.0)	(33.0, 331032.0)	(34.0, 428738.0)	(35.0, 583688.0)	(36.0, 938727.0)	(37.0, 1968952.0)			
PM3153_S5_R2	(2.0, 1078.0)	(3.0, 1.0)	(4.0, 2.0)	(5.0, 7.0)	(6.0, 15.0)	(7.0, 17.0)	(8.0, 12.0)	(9.0, 28.0)	(10.0, 28.0)	(11.0, 30.0)	(12.0, 42.0)	(13.0, 84.0)	(14.0, 288.0)	(15.0, 745.0)	(16.0, 1420.0)	(17.0, 2296.0)	(18.0, 4162.0)	(19.0, 6706.0)	(20.0, 10417.0)	(21.0, 16085.0)	(22.0, 24070.0)	(23.0, 34416.0)	(24.0, 47619.0)	(25.0, 63924.0)	(26.0, 82925.0)	(27.0, 105149.0)	(28.0, 131698.0)	(29.0, 161572.0)	(30.0, 195343.0)	(31.0, 235955.0)	(32.0, 285170.0)	(33.0, 349626.0)	(34.0, 439739.0)	(35.0, 589052.0)	(36.0, 930712.0)	(37.0, 1403505.0)			
PM3183_S6_R1	(2.0, 2545.0)	(3.0, 0.0)	(4.0, 0.0)	(5.0, 0.0)	(6.0, 0.0)	(7.0, 0.0)	(8.0, 0.0)	(9.0, 0.0)	(10.0, 0.0)	(11.0, 0.0)	(12.0, 0.0)	(13.0, 0.0)	(14.0, 0.0)	(15.0, 0.0)	(16.0, 1.0)	(17.0, 0.0)	(18.0, 10.0)	(19.0, 28.0)	(20.0, 135.0)	(21.0, 421.0)	(22.0, 1227.0)	(23.0, 2878.0)	(24.0, 6331.0)	(25.0, 12712.0)	(26.0, 22980.0)	(27.0, 39181.0)	(28.0, 60889.0)	(29.0, 89389.0)	(30.0, 125440.0)	(31.0, 167988.0)	(32.0, 217816.0)	(33.0, 278901.0)	(34.0, 356581.0)	(35.0, 483436.0)	(36.0, 771979.0)	(37.0, 1556779.0)			
PM3183_S6_R2	(2.0, 2488.0)	(3.0, 2.0)	(4.0, 2.0)	(5.0, 8.0)	(6.0, 11.0)	(7.0, 2.0)	(8.0, 19.0)	(9.0, 21.0)	(10.0, 17.0)	(11.0, 28.0)	(12.0, 38.0)	(13.0, 89.0)	(14.0, 287.0)	(15.0, 793.0)	(16.0, 1398.0)	(17.0, 2486.0)	(18.0, 4115.0)	(19.0, 6358.0)	(20.0, 9533.0)	(21.0, 14569.0)	(22.0, 20345.0)	(23.0, 28781.0)	(24.0, 38979.0)	(25.0, 51341.0)	(26.0, 66547.0)	(27.0, 84427.0)	(28.0, 104872.0)	(29.0, 128943.0)	(30.0, 157575.0)	(31.0, 190663.0)	(32.0, 231317.0)	(33.0, 284142.0)	(34.0, 358670.0)	(35.0, 481056.0)	(36.0, 757637.0)	(37.0, 1170088.0)			
Undetermined_S0_R1	(2.0, 1309.0)	(3.0, 0.0)	(4.0, 0.0)	(5.0, 0.0)	(6.0, 0.0)	(7.0, 0.0)	(8.0, 0.0)	(9.0, 0.0)	(10.0, 3.0)	(11.0, 48.0)	(12.0, 177.0)	(13.0, 363.0)	(14.0, 404.0)	(15.0, 399.0)	(16.0, 453.0)	(17.0, 491.0)	(18.0, 694.0)	(19.0, 939.0)	(20.0, 1367.0)	(21.0, 2179.0)	(22.0, 3651.0)	(23.0, 6276.0)	(24.0, 10455.0)	(25.0, 16432.0)	(26.0, 24344.0)	(27.0, 33843.0)	(28.0, 44643.0)	(29.0, 56928.0)	(30.0, 70141.0)	(31.0, 86195.0)	(32.0, 104519.0)	(33.0, 126522.0)	(34.0, 158251.0)	(35.0, 213818.0)	(36.0, 353801.0)	(37.0, 656201.0)			
Undetermined_S0_R2	(2.0, 7153.0)	(3.0, 427.0)	(4.0, 530.0)	(5.0, 490.0)	(6.0, 364.0)	(7.0, 338.0)	(8.0, 225.0)	(9.0, 212.0)	(10.0, 215.0)	(11.0, 236.0)	(12.0, 253.0)	(13.0, 804.0)	(14.0, 3639.0)	(15.0, 7334.0)	(16.0, 9286.0)	(17.0, 10554.0)	(18.0, 12597.0)	(19.0, 14559.0)	(20.0, 16908.0)	(21.0, 19952.0)	(22.0, 24055.0)	(23.0, 28705.0)	(24.0, 34011.0)	(25.0, 39052.0)	(26.0, 45828.0)	(27.0, 51448.0)	(28.0, 58180.0)	(29.0, 65994.0)	(30.0, 75577.0)	(31.0, 86831.0)	(32.0, 102569.0)	(33.0, 122629.0)	(34.0, 154915.0)	(35.0, 209222.0)	(36.0, 335487.0)	(37.0, 434267.0)			
