Sample	0	1	2	3	4	5	6	7	8	9	10	11	12	13	14	15
PM2469_S1_R1	(1.0, 9.979248978499918)	(2.0, 1.4190055711971077)	(3.0, 0.833884763571627)	(4.0, 0.6162777212661059)	(5.0, 0.49022261361305697)	(6.0, 0.423991955743177)	(7.0, 0.3662205826395023)	(8.0, 0.3299013524151691)	(9.0, 0.29055645930519347)	('>10', 5.601833608086877)	('>50', 3.4854448795990907)	('>100', 12.935520182912425)	('>500', 7.748037491901282)	('>1k', 21.828790918136526)	('>5k', 10.037407481114991)	('>10k+', 23.613655439997956)
PM2469_S1_R2	(1.0, 14.378720085733951)	(2.0, 1.6470586491013202)	(3.0, 0.9000889809606547)	(4.0, 0.629552838462147)	(5.0, 0.5117781233190841)	(6.0, 0.41675383062772964)	(7.0, 0.34823423530609166)	(8.0, 0.32843912209897175)	(9.0, 0.261682031539819)	('>10', 5.392968190077511)	('>50', 3.5186181960725094)	('>100', 15.630209946223719)	('>500', 8.90687994196123)	('>1k', 23.569508033985535)	('>5k', 8.052821932851545)	('>10k+', 15.506685861678198)
PM2486_S27_R1	(1.0, 24.963954004411434)	(2.0, 3.2680608319565945)	(3.0, 1.3484661275363328)	(4.0, 0.8521848203347199)	(5.0, 0.5973983408227755)	(6.0, 0.48485268019586547)	(7.0, 0.385067358361691)	(8.0, 0.32083774955815336)	(9.0, 0.2819681944306224)	('>10', 3.7914206497021112)	('>50', 1.5782021789112481)	('>100', 4.6019734353001756)	('>500', 2.517544744939807)	('>1k', 8.145388994304248)	('>5k', 6.57616829974694)	('>10k+', 40.286511589487326)
PM2486_S27_R2	(1.0, 28.64048314952361)	(2.0, 2.805219775881616)	(3.0, 1.0989119598530375)	(4.0, 0.6584125709235971)	(5.0, 0.5222602836276282)	(6.0, 0.3822318558139917)	(7.0, 0.29284662091013364)	(8.0, 0.259557810014978)	(9.0, 0.24100391972346172)	('>10', 3.0909938722201153)	('>50', 1.3123427130944556)	('>100', 4.192853607743444)	('>500', 2.9260220496032727)	('>1k', 11.658926499919696)	('>5k', 7.571532652928785)	('>10k+', 34.346400658218215)
PM2494_S26_R1	(1.0, 19.829631582706828)	(2.0, 2.631904928747809)	(3.0, 1.1105998939462127)	(4.0, 0.6872508191442713)	(5.0, 0.5432835256709906)	(6.0, 0.407322075856875)	(7.0, 0.3313795008525237)	(8.0, 0.2997043977297615)	(9.0, 0.2448870249046533)	('>10', 3.956632064958926)	('>50', 1.890469687672806)	('>100', 5.677475831976811)	('>500', 3.2895433972863897)	('>1k', 10.586043683137024)	('>5k', 7.690008761838042)	('>10k+', 40.82386282357003)
PM2494_S26_R2	(1.0, 23.242674046331008)	(2.0, 2.4295816626161892)	(3.0, 0.9563644361809136)	(4.0, 0.6031175561209917)	(5.0, 0.4543280445946523)	(6.0, 0.327342135095188)	(7.0, 0.2896038927883506)	(8.0, 0.23919939976725646)	(9.0, 0.2238693114030469)	('>10', 3.2365239917668576)	('>50', 1.4826030823207408)	('>100', 5.001966498705234)	('>500', 3.582736156525875)	('>1k', 14.3012043628637)	('>5k', 8.220821916108315)	('>10k+', 35.40806350681165)
PM2497_S12_R1	(1.0, 19.598449862184665)	(2.0, 2.6921655942875473)	(3.0, 1.1726800672028679)	(4.0, 0.7508743225487731)	(5.0, 0.5554439204759309)	(6.0, 0.43713937556944693)	(7.0, 0.3470146259768703)	(8.0, 0.2954070389120757)	(9.0, 0.2643384829505545)	('>10', 3.7447342832736132)	('>50', 1.6075510263987112)	('>100', 4.85805884265267)	('>500', 3.1095118711774714)	('>1k', 12.296041563226868)	('>5k', 7.711523888202257)	('>10k+', 40.55906523495971)
PM2497_S12_R2	(1.0, 22.196389201620814)	(2.0, 2.571359174642913)	(3.0, 1.0838517147735096)	(4.0, 0.6970224984983274)	(5.0, 0.4954081105912229)	(6.0, 0.3980568844691056)	(7.0, 0.3052333331686437)	(8.0, 0.28400686644054396)	(9.0, 0.2392350597899778)	('>10', 2.964744070505768)	('>50', 1.1486758726372182)	('>100', 3.995463603915588)	('>500', 3.502566895360947)	('>1k', 17.797119168455993)	('>5k', 10.710466055208107)	('>10k+', 31.61040148992127)
PM2524_S24_R1	(1.0, 18.728852883163803)	(2.0, 2.523897406629898)	(3.0, 1.0360452161837639)	(4.0, 0.6509266717530293)	(5.0, 0.4730782536846982)	(6.0, 0.3718146599475319)	(7.0, 0.2858365873267073)	(8.0, 0.26947169395833326)	(9.0, 0.21279636864184243)	('>10', 3.235341283087749)	('>50', 1.518399804484758)	('>100', 4.345252707084301)	('>500', 2.504056596505421)	('>1k', 8.01923394503598)	('>5k', 5.201221817847134)	('>10k+', 50.62377410466515)
PM2524_S24_R2	(1.0, 22.230095940981553)	(2.0, 2.277665768127882)	(3.0, 0.8630861049559356)	(4.0, 0.5350879972963917)	(5.0, 0.3744964740712359)	(6.0, 0.30034281205199376)	(7.0, 0.253106299279919)	(8.0, 0.22435590251581303)	(9.0, 0.17443221008394438)	('>10', 2.701627029967239)	('>50', 1.197444872810765)	('>100', 3.8436827603037487)	('>500', 2.3859450176241555)	('>1k', 10.571717757659764)	('>5k', 7.195469382130967)	('>10k+', 44.871443670138724)
PM2528_S2_R1	(1.0, 4.57343368299197)	(2.0, 1.1338991839015475)	(3.0, 0.7519252166406704)	(4.0, 0.5623696301845651)	(5.0, 0.457118097946955)	(6.0, 0.41237509832028746)	(7.0, 0.3374744026861524)	(8.0, 0.3127928377356791)	(9.0, 0.250377905358973)	('>10', 4.474426971581715)	('>50', 2.3805723033810238)	('>100', 8.878131967504704)	('>500', 6.4953499396028915)	('>1k', 21.680125882276986)	('>5k', 12.788555181972383)	('>10k+', 34.511071697913486)
PM2528_S2_R2	(1.0, 8.997979630712036)	(2.0, 1.7083621509036404)	(3.0, 1.0624603212917814)	(4.0, 0.7807393906802528)	(5.0, 0.5982160850593563)	(6.0, 0.4686485035547237)	(7.0, 0.3868636044654625)	(8.0, 0.33921401905501797)	(9.0, 0.2767672085146749)	('>10', 4.048687957883896)	('>50', 2.2024577485643433)	('>100', 11.830147555273584)	('>500', 10.027202806008876)	('>1k', 32.70364430326921)	('>5k', 12.138931093565922)	('>10k+', 12.429677621197229)
PM2539_S23_R1	(1.0, 15.78861156436943)	(2.0, 2.766125787113578)	(3.0, 1.0396137405085388)	(4.0, 0.6339725061268366)	(5.0, 0.46967845003288666)	(6.0, 0.3756349651182124)	(7.0, 0.3233987417833591)	(8.0, 0.27245898011723496)	(9.0, 0.25023028616172355)	('>10', 3.8687981258898185)	('>50', 1.883630424204897)	('>100', 5.586025312271308)	('>500', 3.393049633089463)	('>1k', 10.933494383291672)	('>5k', 7.633899659117957)	('>10k+', 44.78137744080305)
PM2539_S23_R2	(1.0, 19.83832639712209)	(2.0, 2.458026915213748)	(3.0, 0.8946732783279145)	(4.0, 0.5359966372568604)	(5.0, 0.3811483951236592)	(6.0, 0.31920152467186313)	(7.0, 0.27332153074089716)	(8.0, 0.21973978676540096)	(9.0, 0.20528871871021473)	('>10', 3.0299865090059015)	('>50', 1.344966555964029)	('>100', 4.499506431419572)	('>500', 3.3104804657692473)	('>1k', 13.71459119307097)	('>5k', 8.772946383481047)	('>10k+', 40.2017992773566)
PM2577_S13_R1	(1.0, 11.098411855362594)	(2.0, 1.5874067309882987)	(3.0, 0.7812127493146326)	(4.0, 0.49307924981115364)	(5.0, 0.36636445619090596)	(6.0, 0.2899850291164654)	(7.0, 0.25507609945963894)	(8.0, 0.2113077230060023)	(9.0, 0.19185462179097587)	('>10', 2.918691031320064)	('>50', 1.2777154071883807)	('>100', 3.8605224840885994)	('>500', 2.326804677014044)	('>1k', 9.320511419703463)	('>5k', 5.934515665145325)	('>10k+', 59.08654080049938)
PM2577_S13_R2	(1.0, 13.13329078236013)	(2.0, 1.5896329828493019)	(3.0, 0.7419737634909501)	(4.0, 0.4885762982014419)	(5.0, 0.35807249396308394)	(6.0, 0.2889961976372129)	(7.0, 0.24827256918222498)	(8.0, 0.19190250968069772)	(9.0, 0.17702056659858634)	('>10', 2.510296416671784)	('>50', 0.9733188120107616)	('>100', 3.025748212370088)	('>500', 2.283685841969229)	('>1k', 11.275746694750852)	('>5k', 8.729165530224293)	('>10k+', 53.98430032803937)
PM2601_S14_R1	(1.0, 5.660253658277462)	(2.0, 0.8837677226564564)	(3.0, 0.49817812798899364)	(4.0, 0.37487417222360964)	(5.0, 0.3098842149080921)	(6.0, 0.2588396985429657)	(7.0, 0.23459717872566516)	(8.0, 0.19837794422592728)	(9.0, 0.18771217175326396)	('>10', 3.1011940439486296)	('>50', 1.4904926246426977)	('>100', 4.576213043154278)	('>500', 2.957778443568744)	('>1k', 13.036193069423746)	('>5k', 9.143277234453691)	('>10k+', 57.08836665150579)
PM2601_S14_R2	(1.0, 8.1312888594417)	(2.0, 0.9356219317621675)	(3.0, 0.5403729659881011)	(4.0, 0.3880650031043991)	(5.0, 0.3252388612974732)	(6.0, 0.26441755456701477)	(7.0, 0.22998818281614175)	(8.0, 0.2006759338499454)	(9.0, 0.18243459193796435)	('>10', 2.4781629122925652)	('>50', 0.9057646404917136)	('>100', 2.9953722333767154)	('>500', 3.062775319103564)	('>1k', 17.827755040017397)	('>5k', 14.266445453028052)	('>10k+', 47.26562051692513)
PM2616_S22_R1	(1.0, 13.722995600649652)	(2.0, 1.9230140989342461)	(3.0, 0.7438697378172343)	(4.0, 0.4872148945876514)	(5.0, 0.36603019418667293)	(6.0, 0.3054761802347541)	(7.0, 0.25370722270737295)	(8.0, 0.21547855516876102)	(9.0, 0.18486414738337864)	('>10', 3.2521011978641865)	('>50', 1.6112004112226015)	('>100', 4.90149402558574)	('>500', 3.09707809637877)	('>1k', 10.122144973913155)	('>5k', 6.677019705022658)	('>10k+', 52.13631095834319)
PM2616_S22_R2	(1.0, 18.82927919382425)	(2.0, 1.6729059674801154)	(3.0, 0.652505737182681)	(4.0, 0.4182019096706831)	(5.0, 0.31806074112791)	(6.0, 0.2660309603926793)	(7.0, 0.21772125803776074)	(8.0, 0.18269556303486464)	(9.0, 0.173123334023451)	('>10', 2.4758636314907116)	('>50', 1.1577209535859923)	('>100', 3.769186265307693)	('>500', 2.6416015720545634)	('>1k', 12.026908523108947)	('>5k', 7.58752765412525)	('>10k+', 47.61066673555246)
PM2622_S32_R1	(1.0, 7.505113852754378)	(2.0, 1.0992370193535808)	(3.0, 0.4782120413448381)	(4.0, 0.33163888206643394)	(5.0, 0.26443656508623314)	(6.0, 0.21592039749571665)	(7.0, 0.19836181941776887)	(8.0, 0.1779154518594534)	(9.0, 0.16761830993357346)	('>10', 2.6735918848572817)	('>50', 1.3995299084976198)	('>100', 4.353787981844846)	('>500', 2.6792318709514555)	('>1k', 10.343049709612199)	('>5k', 7.221875710129486)	('>10k+', 60.89047859479516)
PM2622_S32_R2	(1.0, 8.97265452463867)	(2.0, 1.095360191159575)	(3.0, 0.4890812012691697)	(4.0, 0.3251341356376947)	(5.0, 0.2600321881547907)	(6.0, 0.20239266107934714)	(7.0, 0.1831332493975977)	(8.0, 0.1620338830664301)	(9.0, 0.14648022074674116)	('>10', 2.236860804783337)	('>50', 1.012572730569191)	('>100', 3.1822003419622353)	('>500', 2.4154480481187757)	('>1k', 13.330159460022953)	('>5k', 10.818733896533773)	('>10k+', 55.1677224628597)
PM3050_S3_R1	(1.0, 20.994522677575965)	(2.0, 2.0503339848518207)	(3.0, 1.0235830753254676)	(4.0, 0.6969126205950602)	(5.0, 0.5271629055912403)	(6.0, 0.40846584525940116)	(7.0, 0.35074794363917366)	(8.0, 0.29149956612746486)	(9.0, 0.2610937241964895)	('>10', 4.258818147378573)	('>50', 2.5769958570518217)	('>100', 11.178180980271234)	('>500', 8.092990451091502)	('>1k', 25.187142951325335)	('>5k', 10.138484922562535)	('>10k+', 11.963064347156912)
PM3050_S3_R2	(1.0, 23.850172302657924)	(2.0, 2.068936222559808)	(3.0, 0.9834797146557913)	(4.0, 0.6234658148176399)	(5.0, 0.4398149648447004)	(6.0, 0.34228871582355147)	(7.0, 0.2605817515928555)	(8.0, 0.23760836736608504)	(9.0, 0.18764465176672543)	('>10', 2.906414592403567)	('>50', 2.4667426297677)	('>100', 14.85666554221608)	('>500', 11.809062414731834)	('>1k', 25.81120608638578)	('>5k', 7.367608374190772)	('>10k+', 5.788307854219197)
PM3051_S4_R1	(1.0, 9.5696627914981)	(2.0, 1.545690374880852)	(3.0, 0.9443517361313261)	(4.0, 0.6773530347776788)	(5.0, 0.5379285818407102)	(6.0, 0.42817812006806044)	(7.0, 0.3659039178725221)	(8.0, 0.31037827753743485)	(9.0, 0.2874666768810173)	('>10', 4.81841028794069)	('>50', 2.9846068326592716)	('>100', 12.90313118053755)	('>500', 10.4624576123735)	('>1k', 30.231849419442604)	('>5k', 12.519047060717984)	('>10k+', 11.413584094840711)
PM3051_S4_R2	(1.0, 14.360729501339733)	(2.0, 1.9779644946433563)	(3.0, 1.0945735305407596)	(4.0, 0.7382457061660552)	(5.0, 0.531561239994494)	(6.0, 0.39139408282405375)	(7.0, 0.3210245750040332)	(8.0, 0.2641641080373027)	(9.0, 0.20720747006203244)	('>10', 3.5105872113424885)	('>50', 2.8467798901706893)	('>100', 17.208392365927274)	('>500', 13.850239555678453)	('>1k', 32.76375317535341)	('>5k', 6.984328770594293)	('>10k+', 2.9490543223215773)
PM3153_S5_R1	(1.0, 13.44082754490813)	(2.0, 1.7222737014032037)	(3.0, 1.0113286097118726)	(4.0, 0.7244154616871312)	(5.0, 0.5502961351833326)	(6.0, 0.4318366126682971)	(7.0, 0.3742949370253156)	(8.0, 0.3123881320567647)	(9.0, 0.30006073011294304)	('>10', 4.732571257497824)	('>50', 3.0458464901956837)	('>100', 13.355412733034852)	('>500', 10.89365792213009)	('>1k', 31.509128155515214)	('>5k', 10.523513688165222)	('>10k+', 7.072147888704122)
PM3153_S5_R2	(1.0, 17.56106200684101)	(2.0, 2.07017814263736)	(3.0, 1.1097317755070655)	(4.0, 0.7344573955273074)	(5.0, 0.49917825660733334)	(6.0, 0.375683820908636)	(7.0, 0.2840522638752092)	(8.0, 0.24750673934158282)	(9.0, 0.20777721441312524)	('>10', 3.1889752936250475)	('>50', 2.725521193561616)	('>100', 17.315126799604887)	('>500', 14.159961972400781)	('>1k', 31.860610524407836)	('>5k', 5.517812632063861)	('>10k+', 2.1423639686773472)
PM3183_S6_R1	(1.0, 5.0350659869527075)	(2.0, 1.295032788609295)	(3.0, 0.8518449657383563)	(4.0, 0.646228523902324)	(5.0, 0.5175431070934835)	(6.0, 0.4532030114631186)	(7.0, 0.37627973110199636)	(8.0, 0.3264024366361899)	(9.0, 0.29205212203537195)	('>10', 4.7602166937907295)	('>50', 2.676102198294557)	('>100', 10.294065270995265)	('>500', 7.9784077457709826)	('>1k', 27.072264852483247)	('>5k', 14.383583617277582)	('>10k+', 23.0417069478548)
PM3183_S6_R2	(1.0, 9.283821491719877)	(2.0, 1.8612032942622856)	(3.0, 1.1137484038828622)	(4.0, 0.7788126094454857)	(5.0, 0.5622400331449975)	(6.0, 0.47111683662347187)	(7.0, 0.3675377776663755)	(8.0, 0.32831062313837633)	(9.0, 0.2723253491056303)	('>10', 3.8496550551625472)	('>50', 2.5366662409589464)	('>100', 13.729443783035613)	('>500', 12.047320428079397)	('>1k', 35.10934776091764)	('>5k', 9.875057596479595)	('>10k+', 7.813392716376898)
Undetermined_S0_R1	(1.0, 18.133218272395958)	(2.0, 2.12465131685578)	(3.0, 1.2073422935063751)	(4.0, 0.8251771758982177)	(5.0, 0.7356182332161029)	(6.0, 0.6861317432598167)	(7.0, 0.7373487828416424)	(8.0, 0.7525770776378027)	(9.0, 0.7836880884013807)	('>10', 10.877099792294487)	('>50', 4.114110165990603)	('>100', 18.010191346856132)	('>500', 10.50471332782191)	('>1k', 21.578412129658716)	('>5k', 4.729388021619461)	('>10k+', 4.2003322317456115)
Undetermined_S0_R2	(1.0, 30.327464236168012)	(2.0, 1.843296938049923)	(3.0, 0.9266040107507092)	(4.0, 0.7051221937617769)	(5.0, 0.6838819026552929)	(6.0, 0.713279878740629)	(7.0, 0.7871619599063424)	(8.0, 0.7787533600888127)	(9.0, 0.7648989422128315)	('>10', 8.790658749282647)	('>50', 5.312780092971948)	('>100', 22.40600611251247)	('>500', 11.450741374323114)	('>1k', 13.368384516886689)	('>5k', 0.6501346426855162)	('>10k+', 0.49083108900328926)
