Sample	0	1	2	3	4	5	6	7	8	9	10	11	12	13	14	15	16	17	18	19	20	21	22	23	24	25	26
PM2469_R1_paired	(50, 7865.0)	(51, 9303.0)	(52, 8480.0)	(53, 8760.0)	(54, 8935.0)	(55, 8460.0)	(56, 9162.0)	(57, 8856.0)	(58, 11099.0)	(59, 10328.0)	(60, 10770.0)	(61, 10844.0)	(62, 12182.0)	(63, 11874.0)	(64, 12823.0)	(65, 11630.0)	(66, 14370.0)	(67, 13111.0)	(68, 13779.0)	(69, 14124.0)	(70, 15914.0)	(71, 19469.0)	(72, 27300.0)	(73, 56878.0)	(74, 144936.0)	(75, 721548.0)	(76, 1516184.0)
PM2469_R1_unpaired	(50, 12202.0)	(51, 12809.0)	(52, 12083.0)	(53, 11770.0)	(54, 11676.0)	(55, 10200.0)	(56, 11259.0)	(57, 10119.0)	(58, 11870.0)	(59, 10338.0)	(60, 10304.0)	(61, 10573.0)	(62, 11143.0)	(63, 10569.0)	(64, 11093.0)	(65, 9080.0)	(66, 11118.0)	(67, 10221.0)	(68, 9693.0)	(69, 9777.0)	(70, 10376.0)	(71, 10466.0)	(72, 11249.0)	(73, 14328.0)	(74, 31774.0)	(75, 118028.0)	(76, 211531.0)
PM2469_R2_paired	(50, 13270.0)	(51, 14819.0)	(52, 14120.0)	(53, 15920.0)	(54, 13278.0)	(55, 16280.0)	(56, 14574.0)	(57, 16427.0)	(58, 15361.0)	(59, 19051.0)	(60, 18293.0)	(61, 21091.0)	(62, 16418.0)	(63, 22858.0)	(64, 21322.0)	(65, 24154.0)	(66, 24187.0)	(67, 21031.0)	(68, 21369.0)	(69, 22054.0)	(70, 22404.0)	(71, 28221.0)	(72, 34755.0)	(73, 59071.0)	(74, 180089.0)	(75, 723587.0)	(76, 1304980.0)
PM2469_R2_unpaired	(50, 5169.0)	(51, 5532.0)	(52, 5275.0)	(53, 5653.0)	(54, 4488.0)	(55, 5363.0)	(56, 4640.0)	(57, 4861.0)	(58, 4496.0)	(59, 5135.0)	(60, 4892.0)	(61, 5213.0)	(62, 4116.0)	(63, 5218.0)	(64, 4529.0)	(65, 4750.0)	(66, 4472.0)	(67, 4156.0)	(68, 4176.0)	(69, 3977.0)	(70, 3904.0)	(71, 4442.0)	(72, 4678.0)	(73, 5916.0)	(74, 11621.0)	(75, 36821.0)	(76, 55833.0)
PM2486_R1_paired	(50, 77665.0)	(52, 75941.0)	(54, 74863.0)	(56, 81345.0)	(58, 95184.0)	(60, 105666.0)	(62, 112781.0)	(64, 122115.0)	(66, 136425.0)	(68, 174402.0)	(70, 190570.0)	(72, 222274.0)	(74, 302239.0)	(76, 326581.0)	(78, 355181.0)	(80, 370322.0)	(82, 393192.0)	(84, 402549.0)	(86, 409061.0)	(88, 464086.0)	(90, 465844.0)	(92, 460924.0)	(94, 440062.0)	(96, 546687.0)	(98, 1343896.0)	(100, 11094070.0)	
PM2486_R1_unpaired	(50, 39684.0)	(52, 37198.0)	(54, 36084.0)	(56, 38265.0)	(58, 41568.0)	(60, 43670.0)	(62, 46096.0)	(64, 50874.0)	(66, 53063.0)	(68, 64993.0)	(70, 62646.0)	(72, 84277.0)	(74, 81607.0)	(76, 67211.0)	(78, 53104.0)	(80, 56319.0)	(82, 62599.0)	(84, 58170.0)	(86, 62960.0)	(88, 62565.0)	(90, 62973.0)	(92, 29418.0)	(94, 27973.0)	(96, 40654.0)	(98, 168864.0)	(100, 1442188.0)	
PM2486_R2_paired	(50, 67620.0)	(52, 64539.0)	(54, 62688.0)	(56, 67222.0)	(58, 81086.0)	(60, 92943.0)	(62, 101436.0)	(64, 111165.0)	(66, 125041.0)	(68, 155723.0)	(70, 178893.0)	(72, 196204.0)	(74, 289423.0)	(76, 310225.0)	(78, 344656.0)	(80, 351497.0)	(82, 367423.0)	(84, 386816.0)	(86, 395103.0)	(88, 450656.0)	(90, 476780.0)	(92, 465811.0)	(94, 445177.0)	(96, 538556.0)	(98, 1596109.0)	(100, 11121133.0)	
PM2486_R2_unpaired	(50, 18552.0)	(52, 16949.0)	(54, 16485.0)	(56, 16111.0)	(58, 16115.0)	(60, 16641.0)	(62, 17713.0)	(64, 17943.0)	(66, 17881.0)	(68, 19130.0)	(70, 21229.0)	(72, 21603.0)	(74, 27451.0)	(76, 30452.0)	(78, 32939.0)	(80, 33144.0)	(82, 33554.0)	(84, 34577.0)	(86, 35308.0)	(88, 38812.0)	(90, 39931.0)	(92, 34565.0)	(94, 33658.0)	(96, 39540.0)	(98, 131250.0)	(100, 741837.0)	
PM2494_R1_paired	(50, 167548.0)	(52, 164290.0)	(54, 164026.0)	(56, 189438.0)	(58, 235829.0)	(60, 270506.0)	(62, 281582.0)	(64, 279684.0)	(66, 300895.0)	(68, 333793.0)	(70, 348177.0)	(72, 362372.0)	(74, 489416.0)	(76, 496830.0)	(78, 505510.0)	(80, 496959.0)	(82, 515619.0)	(84, 520340.0)	(86, 506753.0)	(88, 551730.0)	(90, 510927.0)	(92, 492030.0)	(94, 439160.0)	(96, 505756.0)	(98, 1285415.0)	(100, 10506081.0)	
PM2494_R1_unpaired	(50, 65274.0)	(52, 62608.0)	(54, 61625.0)	(56, 70125.0)	(58, 79340.0)	(60, 89256.0)	(62, 91171.0)	(64, 92488.0)	(66, 94031.0)	(68, 107701.0)	(70, 112926.0)	(72, 154588.0)	(74, 118782.0)	(76, 101511.0)	(78, 78454.0)	(80, 80255.0)	(82, 85531.0)	(84, 80068.0)	(86, 83219.0)	(88, 80136.0)	(90, 77593.0)	(92, 32820.0)	(94, 29747.0)	(96, 41221.0)	(98, 179751.0)	(100, 1523008.0)	
PM2494_R2_paired	(50, 150570.0)	(52, 149772.0)	(54, 148235.0)	(56, 170951.0)	(58, 216762.0)	(60, 252679.0)	(62, 268541.0)	(64, 268027.0)	(66, 289203.0)	(68, 318823.0)	(70, 333936.0)	(72, 335572.0)	(74, 478243.0)	(76, 480507.0)	(78, 499604.0)	(80, 484273.0)	(82, 504631.0)	(84, 509674.0)	(86, 495964.0)	(88, 542629.0)	(90, 526954.0)	(92, 498387.0)	(94, 450219.0)	(96, 503058.0)	(98, 1449695.0)	(100, 10593757.0)	
PM2494_R2_unpaired	(50, 29168.0)	(52, 26218.0)	(54, 25579.0)	(56, 26707.0)	(58, 29222.0)	(60, 31449.0)	(62, 33029.0)	(64, 32751.0)	(66, 34572.0)	(68, 34810.0)	(70, 35622.0)	(72, 34177.0)	(74, 44190.0)	(76, 45517.0)	(78, 48091.0)	(80, 45927.0)	(82, 45716.0)	(84, 45983.0)	(86, 44605.0)	(88, 47036.0)	(90, 45698.0)	(92, 37203.0)	(94, 34944.0)	(96, 38626.0)	(98, 125282.0)	(100, 776876.0)	
PM2497_R1_paired	(50, 109568.0)	(52, 112679.0)	(54, 108616.0)	(56, 119504.0)	(58, 142383.0)	(60, 158326.0)	(62, 170638.0)	(64, 191652.0)	(66, 202552.0)	(68, 244606.0)	(70, 292444.0)	(72, 329037.0)	(74, 402151.0)	(76, 469205.0)	(78, 535112.0)	(80, 578764.0)	(82, 633370.0)	(84, 650927.0)	(86, 692383.0)	(88, 731716.0)	(90, 741165.0)	(92, 771353.0)	(94, 737599.0)	(96, 895519.0)	(98, 2743130.0)	(100, 20216901.0)	
PM2497_R1_unpaired	(50, 61057.0)	(52, 59088.0)	(54, 57997.0)	(56, 58915.0)	(58, 66501.0)	(60, 76030.0)	(62, 77757.0)	(64, 85583.0)	(66, 86307.0)	(68, 96818.0)	(70, 92897.0)	(72, 134572.0)	(74, 106289.0)	(76, 92409.0)	(78, 67190.0)	(80, 68470.0)	(82, 71341.0)	(84, 68402.0)	(86, 66216.0)	(88, 66524.0)	(90, 66763.0)	(92, 54020.0)	(94, 53003.0)	(96, 66482.0)	(98, 229403.0)	(100, 1483058.0)	
PM2497_R2_paired	(50, 90191.0)	(52, 92771.0)	(54, 87158.0)	(56, 93590.0)	(58, 115788.0)	(60, 138256.0)	(62, 153678.0)	(64, 165872.0)	(66, 186180.0)	(68, 223228.0)	(70, 268123.0)	(72, 287955.0)	(74, 379684.0)	(76, 439237.0)	(78, 505012.0)	(80, 545602.0)	(82, 587868.0)	(84, 625452.0)	(86, 672488.0)	(88, 714632.0)	(90, 755500.0)	(92, 766074.0)	(94, 744036.0)	(96, 865710.0)	(98, 2727683.0)	(100, 20749532.0)	
PM2497_R2_unpaired	(50, 34867.0)	(52, 34177.0)	(54, 33677.0)	(56, 31966.0)	(58, 31966.0)	(60, 33484.0)	(62, 33913.0)	(64, 33475.0)	(66, 34611.0)	(68, 36195.0)	(70, 40332.0)	(72, 40281.0)	(74, 46204.0)	(76, 52601.0)	(78, 57419.0)	(80, 60871.0)	(82, 61575.0)	(84, 62980.0)	(86, 66661.0)	(88, 68581.0)	(90, 70219.0)	(92, 66032.0)	(94, 65138.0)	(96, 73807.0)	(98, 238242.0)	(100, 1375821.0)	
PM2524_R1_paired	(50, 122436.0)	(52, 119138.0)	(54, 121831.0)	(56, 128550.0)	(58, 138335.0)	(60, 137956.0)	(62, 143240.0)	(64, 147316.0)	(66, 154269.0)	(68, 194663.0)	(70, 216525.0)	(72, 262136.0)	(74, 333243.0)	(76, 364499.0)	(78, 400368.0)	(80, 418528.0)	(82, 464812.0)	(84, 485100.0)	(86, 526123.0)	(88, 608082.0)	(90, 617250.0)	(92, 628512.0)	(94, 641658.0)	(96, 846248.0)	(98, 2618798.0)	(100, 21713603.0)	
PM2524_R1_unpaired	(50, 60243.0)	(52, 56566.0)	(54, 55547.0)	(56, 55650.0)	(58, 56139.0)	(60, 56447.0)	(62, 59720.0)	(64, 61542.0)	(66, 62531.0)	(68, 73778.0)	(70, 73843.0)	(72, 103330.0)	(74, 93174.0)	(76, 82349.0)	(78, 64050.0)	(80, 68046.0)	(82, 75945.0)	(84, 72519.0)	(86, 81648.0)	(88, 84250.0)	(90, 85758.0)	(92, 45708.0)	(94, 46396.0)	(96, 70847.0)	(98, 331773.0)	(100, 2675288.0)	
PM2524_R2_paired	(50, 99572.0)	(52, 96220.0)	(54, 84365.0)	(56, 89400.0)	(58, 99321.0)	(60, 105909.0)	(62, 120819.0)	(64, 127442.0)	(66, 132467.0)	(68, 158485.0)	(70, 182876.0)	(72, 196727.0)	(74, 302608.0)	(76, 329800.0)	(78, 380389.0)	(80, 385959.0)	(82, 421290.0)	(84, 456018.0)	(86, 498847.0)	(88, 582829.0)	(90, 640418.0)	(92, 629571.0)	(94, 657216.0)	(96, 840228.0)	(98, 3028779.0)	(100, 21905664.0)	
PM2524_R2_unpaired	(50, 34534.0)	(52, 31954.0)	(54, 29745.0)	(56, 28890.0)	(58, 28228.0)	(60, 28130.0)	(62, 30063.0)	(64, 29083.0)	(66, 28657.0)	(68, 28604.0)	(70, 30313.0)	(72, 30047.0)	(74, 37094.0)	(76, 41383.0)	(78, 44700.0)	(80, 44716.0)	(82, 46082.0)	(84, 49140.0)	(86, 52585.0)	(88, 58416.0)	(90, 61640.0)	(92, 54496.0)	(94, 57863.0)	(96, 70460.0)	(98, 275893.0)	(100, 1615787.0)	
PM2528_R1_paired	(50, 8441.0)	(51, 9693.0)	(52, 9092.0)	(53, 8968.0)	(54, 9413.0)	(55, 8700.0)	(56, 9636.0)	(57, 8861.0)	(58, 11419.0)	(59, 10579.0)	(60, 10596.0)	(61, 11673.0)	(62, 12457.0)	(63, 13127.0)	(64, 13003.0)	(65, 12843.0)	(66, 15843.0)	(67, 14757.0)	(68, 15724.0)	(69, 14866.0)	(70, 15311.0)	(71, 16128.0)	(72, 23552.0)	(73, 88951.0)	(74, 183760.0)	(75, 605668.0)	(76, 1574046.0)
PM2528_R1_unpaired	(50, 13390.0)	(51, 13960.0)	(52, 13288.0)	(53, 12424.0)	(54, 12961.0)	(55, 11157.0)	(56, 12321.0)	(57, 10679.0)	(58, 12765.0)	(59, 11186.0)	(60, 11018.0)	(61, 11691.0)	(62, 12449.0)	(63, 11814.0)	(64, 11766.0)	(65, 10549.0)	(66, 12602.0)	(67, 11468.0)	(68, 11118.0)	(69, 10648.0)	(70, 10777.0)	(71, 10168.0)	(72, 11028.0)	(73, 17440.0)	(74, 35929.0)	(75, 105567.0)	(76, 226368.0)
PM2528_R2_paired	(50, 16395.0)	(51, 17916.0)	(52, 17292.0)	(53, 19063.0)	(54, 16328.0)	(55, 19415.0)	(56, 18049.0)	(57, 19748.0)	(58, 18049.0)	(59, 22467.0)	(60, 20872.0)	(61, 24579.0)	(62, 18918.0)	(63, 25781.0)	(64, 21957.0)	(65, 24267.0)	(66, 22793.0)	(67, 24449.0)	(68, 24328.0)	(69, 24363.0)	(70, 24264.0)	(71, 33835.0)	(72, 37113.0)	(73, 57481.0)	(74, 159557.0)	(75, 613273.0)	(76, 1394555.0)
PM2528_R2_unpaired	(50, 5867.0)	(51, 6258.0)	(52, 6068.0)	(53, 6264.0)	(54, 5072.0)	(55, 5990.0)	(56, 5120.0)	(57, 5437.0)	(58, 4783.0)	(59, 5792.0)	(60, 5079.0)	(61, 5454.0)	(62, 4409.0)	(63, 5475.0)	(64, 4511.0)	(65, 4682.0)	(66, 4285.0)	(67, 4487.0)	(68, 4278.0)	(69, 4040.0)	(70, 3897.0)	(71, 4585.0)	(72, 4601.0)	(73, 5519.0)	(74, 9513.0)	(75, 30551.0)	(76, 53743.0)
PM2539_R1_paired	(50, 234660.0)	(52, 236300.0)	(54, 238786.0)	(56, 276065.0)	(58, 327823.0)	(60, 371211.0)	(62, 376823.0)	(64, 387574.0)	(66, 413623.0)	(68, 455326.0)	(70, 467588.0)	(72, 457083.0)	(74, 621328.0)	(76, 646368.0)	(78, 649121.0)	(80, 618152.0)	(82, 620049.0)	(84, 610861.0)	(86, 599001.0)	(88, 621444.0)	(90, 591240.0)	(92, 537520.0)	(94, 467558.0)	(96, 513000.0)	(98, 1214115.0)	(100, 8663571.0)	
PM2539_R1_unpaired	(50, 116890.0)	(52, 113626.0)	(54, 115306.0)	(56, 128010.0)	(58, 143561.0)	(60, 161367.0)	(62, 167611.0)	(64, 169432.0)	(66, 166512.0)	(68, 183992.0)	(70, 185061.0)	(72, 249794.0)	(74, 208862.0)	(76, 166441.0)	(78, 116723.0)	(80, 121067.0)	(82, 125644.0)	(84, 107940.0)	(86, 120767.0)	(88, 100165.0)	(90, 101553.0)	(92, 40069.0)	(94, 35487.0)	(96, 45854.0)	(98, 190757.0)	(100, 1617366.0)	
PM2539_R2_paired	(50, 191686.0)	(52, 195471.0)	(54, 193830.0)	(56, 227876.0)	(58, 286994.0)	(60, 326545.0)	(62, 344707.0)	(64, 356260.0)	(66, 389643.0)	(68, 426352.0)	(70, 434124.0)	(72, 404427.0)	(74, 591274.0)	(76, 612054.0)	(78, 627710.0)	(80, 592914.0)	(82, 598456.0)	(84, 597251.0)	(86, 585934.0)	(88, 610461.0)	(90, 590087.0)	(92, 549584.0)	(94, 479603.0)	(96, 510907.0)	(98, 1307699.0)	(100, 9184341.0)	
PM2539_R2_unpaired	(50, 39265.0)	(52, 35728.0)	(54, 34848.0)	(56, 37474.0)	(58, 40841.0)	(60, 44341.0)	(62, 46131.0)	(64, 48555.0)	(66, 56066.0)	(68, 54510.0)	(70, 53465.0)	(72, 48058.0)	(74, 62435.0)	(76, 68317.0)	(78, 68938.0)	(80, 62209.0)	(82, 60378.0)	(84, 62800.0)	(86, 61163.0)	(88, 62603.0)	(90, 60389.0)	(92, 46233.0)	(94, 41674.0)	(96, 44636.0)	(98, 137120.0)	(100, 910409.0)	
PM2577_R1_paired	(50, 225490.0)	(52, 229973.0)	(54, 222584.0)	(56, 255075.0)	(58, 291478.0)	(60, 292960.0)	(62, 315000.0)	(64, 340245.0)	(66, 360614.0)	(68, 434066.0)	(70, 509786.0)	(72, 614904.0)	(74, 760633.0)	(76, 830872.0)	(78, 954246.0)	(80, 1034016.0)	(82, 1247469.0)	(84, 1297540.0)	(86, 1386939.0)	(88, 1590448.0)	(90, 1606396.0)	(92, 1762697.0)	(94, 1774237.0)	(96, 2140080.0)	(98, 6752737.0)	(100, 53567357.0)	
PM2577_R1_unpaired	(50, 116732.0)	(52, 112820.0)	(54, 107344.0)	(56, 110923.0)	(58, 118754.0)	(60, 123805.0)	(62, 128805.0)	(64, 134806.0)	(66, 136919.0)	(68, 147642.0)	(70, 147421.0)	(72, 213944.0)	(74, 169070.0)	(76, 147456.0)	(78, 112581.0)	(80, 119369.0)	(82, 128680.0)	(84, 126348.0)	(86, 122812.0)	(88, 129038.0)	(90, 131773.0)	(92, 124115.0)	(94, 122362.0)	(96, 153654.0)	(98, 521516.0)	(100, 3178290.0)	
PM2577_R2_paired	(50, 195292.0)	(52, 208009.0)	(54, 196146.0)	(56, 207830.0)	(58, 248731.0)	(60, 266165.0)	(62, 297023.0)	(64, 317485.0)	(66, 345114.0)	(68, 396578.0)	(70, 469100.0)	(72, 528984.0)	(74, 728641.0)	(76, 790840.0)	(78, 916320.0)	(80, 981110.0)	(82, 1171229.0)	(84, 1240453.0)	(86, 1357214.0)	(88, 1570122.0)	(90, 1673913.0)	(92, 1769988.0)	(94, 1821250.0)	(96, 2142741.0)	(98, 7537884.0)	(100, 53419680.0)	
PM2577_R2_unpaired	(50, 75933.0)	(52, 74205.0)	(54, 70924.0)	(56, 69015.0)	(58, 67635.0)	(60, 68680.0)	(62, 68394.0)	(64, 66819.0)	(66, 67223.0)	(68, 68646.0)	(70, 74689.0)	(72, 74769.0)	(74, 87567.0)	(76, 93790.0)	(78, 101883.0)	(80, 108811.0)	(82, 116623.0)	(84, 119080.0)	(86, 127735.0)	(88, 139206.0)	(90, 142452.0)	(92, 140245.0)	(94, 143351.0)	(96, 163133.0)	(98, 580942.0)	(100, 3072711.0)	
PM2601_R1_paired	(50, 119319.0)	(52, 120603.0)	(54, 116983.0)	(56, 124100.0)	(58, 135044.0)	(60, 135596.0)	(62, 143799.0)	(64, 161864.0)	(66, 157256.0)	(68, 182857.0)	(70, 201575.0)	(72, 224596.0)	(74, 253388.0)	(76, 297528.0)	(78, 339662.0)	(80, 371139.0)	(82, 420431.0)	(84, 431164.0)	(86, 481144.0)	(88, 524851.0)	(90, 558880.0)	(92, 608281.0)	(94, 623201.0)	(96, 835265.0)	(98, 3321126.0)	(100, 23673753.0)	
PM2601_R1_unpaired	(50, 52442.0)	(52, 50414.0)	(54, 48139.0)	(56, 46012.0)	(58, 47671.0)	(60, 50836.0)	(62, 49894.0)	(64, 50462.0)	(66, 48182.0)	(68, 52269.0)	(70, 56780.0)	(72, 82413.0)	(74, 65853.0)	(76, 63633.0)	(78, 54696.0)	(80, 57252.0)	(82, 58964.0)	(84, 55371.0)	(86, 54504.0)	(88, 54821.0)	(90, 57519.0)	(92, 50692.0)	(94, 50838.0)	(96, 70630.0)	(98, 276437.0)	(100, 1734818.0)	
PM2601_R2_paired	(50, 98900.0)	(52, 101778.0)	(54, 94715.0)	(56, 92964.0)	(58, 105382.0)	(60, 118225.0)	(62, 126530.0)	(64, 132230.0)	(66, 139521.0)	(68, 156812.0)	(70, 170139.0)	(72, 176118.0)	(74, 223697.0)	(76, 260825.0)	(78, 296062.0)	(80, 325908.0)	(82, 359136.0)	(84, 391596.0)	(86, 450323.0)	(88, 496733.0)	(90, 550923.0)	(92, 587815.0)	(94, 626434.0)	(96, 774844.0)	(98, 2980848.0)	(100, 24724947.0)	
PM2601_R2_unpaired	(50, 38809.0)	(52, 36750.0)	(54, 35607.0)	(56, 34252.0)	(58, 33447.0)	(60, 34979.0)	(62, 34469.0)	(64, 33806.0)	(66, 34239.0)	(68, 34185.0)	(70, 34934.0)	(72, 34080.0)	(74, 37201.0)	(76, 39853.0)	(78, 42747.0)	(80, 45095.0)	(82, 45122.0)	(84, 47781.0)	(86, 51489.0)	(88, 53704.0)	(90, 56952.0)	(92, 55985.0)	(94, 58444.0)	(96, 70191.0)	(98, 256786.0)	(100, 1655820.0)	
PM2616_R1_paired	(50, 85570.0)	(52, 84668.0)	(54, 89244.0)	(56, 101360.0)	(58, 123405.0)	(60, 134866.0)	(62, 143972.0)	(64, 141885.0)	(66, 157040.0)	(68, 177987.0)	(70, 199331.0)	(72, 213705.0)	(74, 279738.0)	(76, 325072.0)	(78, 357340.0)	(80, 347849.0)	(82, 351846.0)	(84, 360571.0)	(86, 373979.0)	(88, 397321.0)	(90, 370136.0)	(92, 349049.0)	(94, 302533.0)	(96, 361119.0)	(98, 1052561.0)	(100, 8581034.0)	
PM2616_R1_unpaired	(50, 65263.0)	(52, 63026.0)	(54, 65274.0)	(56, 73886.0)	(58, 87180.0)	(60, 96693.0)	(62, 97802.0)	(64, 99072.0)	(66, 101392.0)	(68, 111310.0)	(70, 114399.0)	(72, 141188.0)	(74, 128991.0)	(76, 112772.0)	(78, 90963.0)	(80, 97549.0)	(82, 103179.0)	(84, 89537.0)	(86, 106007.0)	(88, 101349.0)	(90, 96897.0)	(92, 29105.0)	(94, 26529.0)	(96, 43761.0)	(98, 237604.0)	(100, 2215675.0)	
PM2616_R2_paired	(50, 72685.0)	(52, 68575.0)	(54, 68653.0)	(56, 79245.0)	(58, 101248.0)	(60, 112298.0)	(62, 125290.0)	(64, 125019.0)	(66, 139665.0)	(68, 156409.0)	(70, 175283.0)	(72, 175060.0)	(74, 254965.0)	(76, 287500.0)	(78, 334390.0)	(80, 319695.0)	(82, 329338.0)	(84, 342386.0)	(86, 353811.0)	(88, 380148.0)	(90, 376361.0)	(92, 358316.0)	(94, 315213.0)	(96, 352655.0)	(98, 1163050.0)	(100, 8895923.0)	
PM2616_R2_unpaired	(50, 19089.0)	(52, 17188.0)	(54, 16921.0)	(56, 17339.0)	(58, 18219.0)	(60, 19102.0)	(62, 20387.0)	(64, 20667.0)	(66, 22774.0)	(68, 22306.0)	(70, 22997.0)	(72, 21663.0)	(74, 28078.0)	(76, 36739.0)	(78, 37737.0)	(80, 34273.0)	(82, 33563.0)	(84, 35965.0)	(86, 36272.0)	(88, 36413.0)	(90, 37572.0)	(92, 28959.0)	(94, 26633.0)	(96, 30150.0)	(98, 118904.0)	(100, 865246.0)	
PM2622_R1_paired	(50, 139942.0)	(52, 142341.0)	(54, 131354.0)	(56, 142089.0)	(58, 170605.0)	(60, 183296.0)	(62, 186140.0)	(64, 190601.0)	(66, 187526.0)	(68, 240864.0)	(70, 242835.0)	(72, 266781.0)	(74, 332933.0)	(76, 354736.0)	(78, 405524.0)	(80, 425718.0)	(82, 473349.0)	(84, 511304.0)	(86, 576529.0)	(88, 619081.0)	(90, 672686.0)	(92, 645042.0)	(94, 635791.0)	(96, 858376.0)	(98, 2317850.0)	(100, 20124033.0)	
PM2622_R1_unpaired	(50, 43866.0)	(52, 42246.0)	(54, 39227.0)	(56, 38979.0)	(58, 42676.0)	(60, 43759.0)	(62, 45082.0)	(64, 43912.0)	(66, 43028.0)	(68, 50238.0)	(70, 50373.0)	(72, 81177.0)	(74, 62802.0)	(76, 51749.0)	(78, 33809.0)	(80, 32831.0)	(82, 34476.0)	(84, 33995.0)	(86, 35960.0)	(88, 37028.0)	(90, 38846.0)	(92, 34238.0)	(94, 34738.0)	(96, 45550.0)	(98, 154006.0)	(100, 981278.0)	
PM2622_R2_paired	(50, 118685.0)	(52, 120449.0)	(54, 107084.0)	(56, 113968.0)	(58, 139951.0)	(60, 157280.0)	(62, 167422.0)	(64, 181609.0)	(66, 174025.0)	(68, 217778.0)	(70, 219825.0)	(72, 232730.0)	(74, 325232.0)	(76, 343604.0)	(78, 400176.0)	(80, 413854.0)	(82, 452546.0)	(84, 498158.0)	(86, 568991.0)	(88, 611579.0)	(90, 691631.0)	(92, 644821.0)	(94, 651419.0)	(96, 778436.0)	(98, 3102809.0)	(100, 19743264.0)	
PM2622_R2_unpaired	(50, 31619.0)	(52, 28894.0)	(54, 26816.0)	(56, 26076.0)	(58, 26421.0)	(60, 27042.0)	(62, 27492.0)	(64, 27467.0)	(66, 26984.0)	(68, 27411.0)	(70, 28627.0)	(72, 28742.0)	(74, 34906.0)	(76, 37482.0)	(78, 42145.0)	(80, 43341.0)	(82, 45462.0)	(84, 48014.0)	(86, 50084.0)	(88, 53925.0)	(90, 55921.0)	(92, 51904.0)	(94, 52004.0)	(96, 62734.0)	(98, 235770.0)	(100, 1170467.0)	
PM3050_R1_paired	(50, 12014.0)	(51, 13860.0)	(52, 13112.0)	(53, 12910.0)	(54, 13403.0)	(55, 12764.0)	(56, 14391.0)	(57, 13262.0)	(58, 16914.0)	(59, 15897.0)	(60, 16451.0)	(61, 17061.0)	(62, 19013.0)	(63, 19112.0)	(64, 19424.0)	(65, 18020.0)	(66, 21826.0)	(67, 20219.0)	(68, 20721.0)	(69, 21625.0)	(70, 24031.0)	(71, 29183.0)	(72, 39217.0)	(73, 88346.0)	(74, 238879.0)	(75, 1003520.0)	(76, 2275095.0)
PM3050_R1_unpaired	(50, 15602.0)	(51, 16564.0)	(52, 15448.0)	(53, 14576.0)	(54, 15169.0)	(55, 13303.0)	(56, 14866.0)	(57, 13092.0)	(58, 15283.0)	(59, 13447.0)	(60, 13291.0)	(61, 13555.0)	(62, 14440.0)	(63, 13966.0)	(64, 13864.0)	(65, 12084.0)	(66, 14153.0)	(67, 12938.0)	(68, 12890.0)	(69, 12387.0)	(70, 13055.0)	(71, 12754.0)	(72, 13862.0)	(73, 18232.0)	(74, 41151.0)	(75, 136516.0)	(76, 262948.0)
PM3050_R2_paired	(50, 18242.0)	(51, 20438.0)	(52, 19480.0)	(53, 21563.0)	(54, 18067.0)	(55, 22419.0)	(56, 19909.0)	(57, 22914.0)	(58, 20687.0)	(59, 26607.0)	(60, 25268.0)	(61, 28894.0)	(62, 22723.0)	(63, 31705.0)	(64, 28364.0)	(65, 32826.0)	(66, 30993.0)	(67, 29018.0)	(68, 29632.0)	(69, 30711.0)	(70, 30791.0)	(71, 40356.0)	(72, 49220.0)	(73, 90664.0)	(74, 260116.0)	(75, 1036426.0)	(76, 2022237.0)
PM3050_R2_unpaired	(50, 7865.0)	(51, 8631.0)	(52, 7982.0)	(53, 8586.0)	(54, 6810.0)	(55, 8358.0)	(56, 7156.0)	(57, 7577.0)	(58, 6759.0)	(59, 8060.0)	(60, 7301.0)	(61, 7872.0)	(62, 6228.0)	(63, 8144.0)	(64, 7088.0)	(65, 7371.0)	(66, 6544.0)	(67, 6542.0)	(68, 6419.0)	(69, 6199.0)	(70, 5910.0)	(71, 7059.0)	(72, 7101.0)	(73, 9497.0)	(74, 18167.0)	(75, 58469.0)	(76, 93185.0)
PM3051_R1_paired	(50, 7771.0)	(51, 9128.0)	(52, 8726.0)	(53, 8676.0)	(54, 9079.0)	(55, 8316.0)	(56, 9491.0)	(57, 8540.0)	(58, 10890.0)	(59, 10134.0)	(60, 10202.0)	(61, 10726.0)	(62, 11880.0)	(63, 11526.0)	(64, 12392.0)	(65, 10983.0)	(66, 13721.0)	(67, 12734.0)	(68, 13332.0)	(69, 13285.0)	(70, 14466.0)	(71, 15973.0)	(72, 24155.0)	(73, 74404.0)	(74, 194358.0)	(75, 656198.0)	(76, 1658809.0)
PM3051_R1_unpaired	(50, 13131.0)	(51, 14163.0)	(52, 13231.0)	(53, 12839.0)	(54, 13365.0)	(55, 11722.0)	(56, 12847.0)	(57, 11117.0)	(58, 13331.0)	(59, 11552.0)	(60, 11385.0)	(61, 11591.0)	(62, 12352.0)	(63, 11813.0)	(64, 12039.0)	(65, 10304.0)	(66, 12251.0)	(67, 10964.0)	(68, 10966.0)	(69, 10417.0)	(70, 10618.0)	(71, 10262.0)	(72, 11721.0)	(73, 16823.0)	(74, 38722.0)	(75, 112142.0)	(76, 242231.0)
PM3051_R2_paired	(50, 15822.0)	(51, 18114.0)	(52, 16914.0)	(53, 19692.0)	(54, 16240.0)	(55, 19540.0)	(56, 17423.0)	(57, 19888.0)	(58, 17861.0)	(59, 22372.0)	(60, 20571.0)	(61, 23655.0)	(62, 18701.0)	(63, 25639.0)	(64, 22004.0)	(65, 25395.0)	(66, 23440.0)	(67, 23793.0)	(68, 23530.0)	(69, 24290.0)	(70, 24113.0)	(71, 31987.0)	(72, 36406.0)	(73, 61358.0)	(74, 170535.0)	(75, 649686.0)	(76, 1460926.0)
PM3051_R2_unpaired	(50, 5723.0)	(51, 6274.0)	(52, 5792.0)	(53, 6190.0)	(54, 5004.0)	(55, 5651.0)	(56, 4945.0)	(57, 5475.0)	(58, 4627.0)	(59, 5650.0)	(60, 4903.0)	(61, 5327.0)	(62, 4182.0)	(63, 5411.0)	(64, 4540.0)	(65, 4813.0)	(66, 4350.0)	(67, 4283.0)	(68, 4088.0)	(69, 3931.0)	(70, 3770.0)	(71, 4379.0)	(72, 4378.0)	(73, 5533.0)	(74, 10034.0)	(75, 30931.0)	(76, 53499.0)
PM3153_R1_paired	(50, 8521.0)	(51, 9949.0)	(52, 9616.0)	(53, 9396.0)	(54, 10022.0)	(55, 9340.0)	(56, 10319.0)	(57, 9868.0)	(58, 12294.0)	(59, 11475.0)	(60, 11831.0)	(61, 12396.0)	(62, 13607.0)	(63, 13623.0)	(64, 13961.0)	(65, 13113.0)	(66, 16042.0)	(67, 15066.0)	(68, 15375.0)	(69, 15522.0)	(70, 17493.0)	(71, 19562.0)	(72, 29167.0)	(73, 76373.0)	(74, 205691.0)	(75, 754005.0)	(76, 1822470.0)
PM3153_R1_unpaired	(50, 14815.0)	(51, 15700.0)	(52, 14834.0)	(53, 14005.0)	(54, 14479.0)	(55, 12897.0)	(56, 14107.0)	(57, 12146.0)	(58, 14485.0)	(59, 12872.0)	(60, 12689.0)	(61, 13068.0)	(62, 13985.0)	(63, 13168.0)	(64, 13423.0)	(65, 11431.0)	(66, 13664.0)	(67, 12514.0)	(68, 12329.0)	(69, 11629.0)	(70, 12129.0)	(71, 11845.0)	(72, 13226.0)	(73, 18082.0)	(74, 41528.0)	(75, 127529.0)	(76, 260779.0)
PM3153_R2_paired	(50, 17150.0)	(51, 19158.0)	(52, 18634.0)	(53, 20496.0)	(54, 17267.0)	(55, 20801.0)	(56, 18897.0)	(57, 21522.0)	(58, 19069.0)	(59, 24550.0)	(60, 22970.0)	(61, 26321.0)	(62, 20384.0)	(63, 28379.0)	(64, 24967.0)	(65, 28961.0)	(66, 26738.0)	(67, 25723.0)	(68, 26264.0)	(69, 26533.0)	(70, 26386.0)	(71, 34626.0)	(72, 40085.0)	(73, 69836.0)	(74, 195078.0)	(75, 747634.0)	(76, 1597668.0)
PM3153_R2_unpaired	(50, 6273.0)	(51, 6849.0)	(52, 6447.0)	(53, 6644.0)	(54, 5433.0)	(55, 6472.0)	(56, 5593.0)	(57, 6033.0)	(58, 5053.0)	(59, 6122.0)	(60, 5595.0)	(61, 6014.0)	(62, 4730.0)	(63, 5960.0)	(64, 5077.0)	(65, 5357.0)	(66, 4774.0)	(67, 4895.0)	(68, 4690.0)	(69, 4411.0)	(70, 4391.0)	(71, 4989.0)	(72, 4939.0)	(73, 6360.0)	(74, 11405.0)	(75, 35839.0)	(76, 58662.0)
PM3183_R1_paired	(50, 8238.0)	(51, 9310.0)	(52, 9087.0)	(53, 8814.0)	(54, 9384.0)	(55, 8551.0)	(56, 9722.0)	(57, 8731.0)	(58, 10959.0)	(59, 10116.0)	(60, 10418.0)	(61, 10927.0)	(62, 12179.0)	(63, 12125.0)	(64, 12793.0)	(65, 12150.0)	(66, 14666.0)	(67, 13691.0)	(68, 13949.0)	(69, 13449.0)	(70, 14685.0)	(71, 15196.0)	(72, 21851.0)	(73, 81815.0)	(74, 181164.0)	(75, 553339.0)	(76, 1491030.0)
PM3183_R1_unpaired	(50, 12182.0)	(51, 12856.0)	(52, 12349.0)	(53, 11540.0)	(54, 12066.0)	(55, 10364.0)	(56, 11415.0)	(57, 9627.0)	(58, 12000.0)	(59, 10156.0)	(60, 9990.0)	(61, 10323.0)	(62, 11272.0)	(63, 10585.0)	(64, 10393.0)	(65, 9428.0)	(66, 11012.0)	(67, 10258.0)	(68, 9832.0)	(69, 9367.0)	(70, 9609.0)	(71, 9050.0)	(72, 9961.0)	(73, 15917.0)	(74, 33000.0)	(75, 90604.0)	(76, 203313.0)
PM3183_R2_paired	(50, 13938.0)	(51, 15768.0)	(52, 15303.0)	(53, 16905.0)	(54, 13993.0)	(55, 16934.0)	(56, 15612.0)	(57, 17409.0)	(58, 15586.0)	(59, 19891.0)	(60, 18277.0)	(61, 21159.0)	(62, 16716.0)	(63, 22449.0)	(64, 19686.0)	(65, 21874.0)	(66, 19717.0)	(67, 20993.0)	(68, 21082.0)	(69, 21602.0)	(70, 21301.0)	(71, 28894.0)	(72, 32380.0)	(73, 52209.0)	(74, 150590.0)	(75, 582619.0)	(76, 1345452.0)
PM3183_R2_unpaired	(50, 5827.0)	(51, 6123.0)	(52, 5682.0)	(53, 6157.0)	(54, 4876.0)	(55, 5806.0)	(56, 4938.0)	(57, 5348.0)	(58, 4711.0)	(59, 5626.0)	(60, 4976.0)	(61, 5416.0)	(62, 4333.0)	(63, 5463.0)	(64, 4493.0)	(65, 4733.0)	(66, 4274.0)	(67, 4321.0)	(68, 4291.0)	(69, 4028.0)	(70, 4071.0)	(71, 4619.0)	(72, 4667.0)	(73, 5777.0)	(74, 10463.0)	(75, 32491.0)	(76, 58528.0)
Undetermined_R1_paired	(50, 3368.0)	(51, 3755.0)	(52, 4301.0)	(53, 4517.0)	(54, 4494.0)	(55, 4032.0)	(56, 4594.0)	(57, 4067.0)	(58, 5208.0)	(59, 4359.0)	(60, 4877.0)	(61, 4771.0)	(62, 5423.0)	(63, 4755.0)	(64, 6327.0)	(65, 4687.0)	(66, 5925.0)	(67, 5310.0)	(68, 6212.0)	(69, 6057.0)	(70, 6323.0)	(71, 7219.0)	(72, 10715.0)	(73, 27303.0)	(74, 66472.0)	(75, 247185.0)	(76, 604246.0)
Undetermined_R1_unpaired	(50, 6551.0)	(51, 6847.0)	(52, 7060.0)	(53, 7264.0)	(54, 7136.0)	(55, 5829.0)	(56, 6519.0)	(57, 5510.0)	(58, 6852.0)	(59, 5465.0)	(60, 5675.0)	(61, 5423.0)	(62, 5752.0)	(63, 5263.0)	(64, 6180.0)	(65, 4483.0)	(66, 5409.0)	(67, 4967.0)	(68, 5310.0)	(69, 5036.0)	(70, 4933.0)	(71, 5082.0)	(72, 6015.0)	(73, 8296.0)	(74, 17781.0)	(75, 55366.0)	(76, 114209.0)
Undetermined_R2_paired	(50, 6630.0)	(51, 6672.0)	(52, 6815.0)	(53, 8291.0)	(54, 6475.0)	(55, 8125.0)	(56, 6821.0)	(57, 8606.0)	(58, 8132.0)	(59, 8540.0)	(60, 8039.0)	(61, 9758.0)	(62, 7661.0)	(63, 9732.0)	(64, 8681.0)	(65, 9433.0)	(66, 10397.0)	(67, 8790.0)	(68, 9126.0)	(69, 10189.0)	(70, 10195.0)	(71, 12774.0)	(72, 13492.0)	(73, 25541.0)	(74, 64570.0)	(75, 249721.0)	(76, 523296.0)
Undetermined_R2_unpaired	(50, 2395.0)	(51, 2130.0)	(52, 2211.0)	(53, 2568.0)	(54, 1896.0)	(55, 2130.0)	(56, 1853.0)	(57, 2118.0)	(58, 1958.0)	(59, 2006.0)	(60, 1791.0)	(61, 2101.0)	(62, 1696.0)	(63, 1880.0)	(64, 1663.0)	(65, 1685.0)	(66, 1766.0)	(67, 1477.0)	(68, 1491.0)	(69, 1545.0)	(70, 1555.0)	(71, 1627.0)	(72, 1553.0)	(73, 2244.0)	(74, 3721.0)	(75, 11554.0)	(76, 20053.0)
