Sample	0	1	2	3	4	5	6	7	8	9	10	11	12	13	14	15
PM2469_R1_paired	(1.0, 8.246420021688946)	(2.0, 1.012087197411932)	(3.0, 0.60096182286005)	(4.0, 0.4544691636408511)	(5.0, 0.37865032923884884)	(6.0, 0.3178052921444538)	(7.0, 0.2841863208921466)	(8.0, 0.265552655752264)	(9.0, 0.24965476769482778)	('>10', 5.555739739834738)	('>50', 4.189779111907971)	('>100', 15.10862304137904)	('>500', 8.524710711749119)	('>1k', 25.758349991194983)	('>5k', 11.71273166251056)	('>10k+', 17.340278170099257)
PM2469_R1_unpaired	(1.0, 11.2411272135015)	(2.0, 1.9288770540670568)	(3.0, 1.1973167063321446)	(4.0, 0.9347093977613645)	(5.0, 0.7887809298824102)	(6.0, 0.7067860733414423)	(7.0, 0.679134786437763)	(8.0, 0.5434356963728864)	(9.0, 0.5394398456642622)	('>10', 11.962458183422333)	('>50', 7.0704180778679415)	('>100', 22.177610768977495)	('>500', 11.546729875697077)	('>1k', 20.191353298734594)	('>5k', 5.570215887822086)	('>10k+', 2.9216062041176443)
PM2469_R2_paired	(1.0, 8.303030883150756)	(2.0, 0.8769900874958013)	(3.0, 0.4914235735606491)	(4.0, 0.366926041679027)	(5.0, 0.3182916433059463)	(6.0, 0.2747037520094997)	(7.0, 0.24993546126423255)	(8.0, 0.2218019246144527)	(9.0, 0.21498464680424328)	('>10', 5.547249118533003)	('>50', 4.584513118850533)	('>100', 19.458584518687047)	('>500', 9.674439239560943)	('>1k', 27.035548763704593)	('>5k', 10.25556486027565)	('>10k+', 12.126012366503621)
PM2469_R2_unpaired	(1.0, 14.821772156515872)	(2.0, 2.452969552173477)	(3.0, 1.7412436282064143)	(4.0, 1.4480727319150488)	(5.0, 1.25840073680275)	(6.0, 1.18453808485998)	(7.0, 1.0436519154135853)	(8.0, 1.057786126587819)	(9.0, 1.0751119338336539)	('>10', 21.29569681661089)	('>50', 10.784403125940381)	('>100', 25.773050162771398)	('>500', 7.919717680530352)	('>1k', 8.143585347838378)	('>5k', 0.0)	('>10k+', 0.0)
PM2486_R1_paired	(1.0, 23.05583338614777)	(2.0, 3.0074566325021013)	(3.0, 1.208388265361863)	(4.0, 0.7700974275970616)	(5.0, 0.525371381007317)	(6.0, 0.3996536596301435)	(7.0, 0.32228461984149914)	(8.0, 0.26738853985051364)	(9.0, 0.2101524974073792)	('>10', 3.149588146738357)	('>50', 1.3890552649648396)	('>100', 4.43675335277292)	('>500', 2.583449857421668)	('>1k', 9.707506295305839)	('>5k', 7.709588901842274)	('>10k+', 41.2574317716085)
PM2486_R1_unpaired	(1.0, 28.57985342137711)	(2.0, 2.613866810881446)	(3.0, 1.1075055992381093)	(4.0, 0.732545582419753)	(5.0, 0.5278743314053722)	(6.0, 0.442494813345229)	(7.0, 0.38492497056844793)	(8.0, 0.3323826974151166)	(9.0, 0.2871468340803762)	('>10', 5.120093077803995)	('>50', 2.6552085612216483)	('>100', 8.706922853727974)	('>500', 6.3804127252235565)	('>1k', 19.878146261532734)	('>5k', 7.715739914084708)	('>10k+', 14.53488154567443)
PM2486_R2_paired	(1.0, 24.105452893837708)	(2.0, 2.71362951160268)	(3.0, 1.0097750664073617)	(4.0, 0.5917709592780083)	(5.0, 0.413978147227009)	(6.0, 0.3040803094365753)	(7.0, 0.25710736487519775)	(8.0, 0.22337643037516064)	(9.0, 0.19356072237628202)	('>10', 2.6630533303501527)	('>50', 1.3217991803049094)	('>100', 4.592828997771976)	('>500', 3.347354702750117)	('>1k', 14.412263585684403)	('>5k', 8.618420077527352)	('>10k+', 35.23154872019513)
PM2486_R2_unpaired	(1.0, 31.612001632357938)	(2.0, 2.072405442561733)	(3.0, 0.9568487786285783)	(4.0, 0.6762311610802533)	(5.0, 0.5111834339422886)	(6.0, 0.4517871810955525)	(7.0, 0.3550683645628197)	(8.0, 0.33443144931896984)	(9.0, 0.2966743932988128)	('>10', 5.836205685151336)	('>50', 3.822375292748675)	('>100', 15.135977282437096)	('>500', 8.805283682677008)	('>1k', 15.070200526683092)	('>5k', 4.739957676132139)	('>10k+', 9.3233680173237)
PM2494_R1_paired	(1.0, 17.5781675374037)	(2.0, 2.3431779451250216)	(3.0, 0.9197445179798499)	(4.0, 0.5684005652591911)	(5.0, 0.403776641890995)	(6.0, 0.33514505600368383)	(7.0, 0.2596207387521038)	(8.0, 0.2112501669452726)	(9.0, 0.19836400969549714)	('>10', 3.1987315470073154)	('>50', 1.6444521958840035)	('>100', 5.642533489060182)	('>500', 3.6061467664437554)	('>1k', 12.675806595127606)	('>5k', 9.382955056241878)	('>10k+', 41.03172717117994)
PM2494_R1_unpaired	(1.0, 21.350569540920407)	(2.0, 2.305040132099681)	(3.0, 1.0284289046682822)	(4.0, 0.6742882740239514)	(5.0, 0.5271297892548414)	(6.0, 0.45928280646064984)	(7.0, 0.38016844185095094)	(8.0, 0.33623903196097)	(9.0, 0.31877105786895493)	('>10', 5.7988044663211795)	('>50', 3.4321319025918133)	('>100', 10.717686309090384)	('>500', 7.241046361678223)	('>1k', 22.085602262509227)	('>5k', 7.330858300717336)	('>10k+', 16.01395241798317)
PM2494_R2_paired	(1.0, 17.5516474256115)	(2.0, 2.2138223729109554)	(3.0, 0.7873094605876245)	(4.0, 0.46853262381639255)	(5.0, 0.3532984264528679)	(6.0, 0.2628736765830093)	(7.0, 0.23142079850982972)	(8.0, 0.18803793620325082)	(9.0, 0.16883180002765852)	('>10', 2.647987553524112)	('>50', 1.3761006046837934)	('>100', 5.672517159477763)	('>500', 4.441437049583089)	('>1k', 17.193179513060493)	('>5k', 10.019345052911559)	('>10k+', 36.42365854605613)
PM2494_R2_unpaired	(1.0, 22.839495561919023)	(2.0, 1.855496225647984)	(3.0, 0.9485317976619371)	(4.0, 0.6728317646152522)	(5.0, 0.5288588519197419)	(6.0, 0.4731895930983481)	(7.0, 0.3825208224599816)	(8.0, 0.33822361948465957)	(9.0, 0.3457384540459867)	('>10', 6.87135796339764)	('>50', 4.503335486799904)	('>100', 17.734303922744328)	('>500', 9.983134945239097)	('>1k', 16.995163200187214)	('>5k', 5.130635514302618)	('>10k+', 10.397182276476286)
PM2497_R1_paired	(1.0, 17.7193534963961)	(2.0, 2.4927407876851415)	(3.0, 1.0486308620684348)	(4.0, 0.6543824475913687)	(5.0, 0.4619544172549314)	(6.0, 0.34237101448472274)	(7.0, 0.28283233083563497)	(8.0, 0.24009717296470914)	(9.0, 0.21692636606858748)	('>10', 2.96903518121393)	('>50', 1.2944877208629102)	('>100', 4.564074942736193)	('>500', 3.3418349219878603)	('>1k', 13.671942738392556)	('>5k', 9.432452101234603)	('>10k+', 41.26688349822237)
PM2497_R1_unpaired	(1.0, 19.66617926199234)	(2.0, 2.0500030464380736)	(3.0, 0.9814562194774001)	(4.0, 0.68715201335202)	(5.0, 0.5223079306497932)	(6.0, 0.4376156293002443)	(7.0, 0.39419338445777297)	(8.0, 0.356432962600398)	(9.0, 0.31936070202536504)	('>10', 5.750264870373665)	('>50', 3.6473220727727664)	('>100', 16.05745775190533)	('>500', 10.39308111133533)	('>1k', 26.87774045345125)	('>5k', 7.054809937516011)	('>10k+', 4.80462265235225)
PM2497_R2_paired	(1.0, 18.476389872253083)	(2.0, 2.3884405377091333)	(3.0, 0.9116637065207196)	(4.0, 0.5643543133782635)	(5.0, 0.38190542016125845)	(6.0, 0.305712653848037)	(7.0, 0.2229320121381105)	(8.0, 0.2023475660657571)	(9.0, 0.16277339915416802)	('>10', 2.1763815367148354)	('>50', 1.0225115696408054)	('>100', 4.43373117040343)	('>500', 4.1979334320123405)	('>1k', 21.09555829847674)	('>5k', 11.435034555322618)	('>10k+', 32.02232995620074)
PM2497_R2_unpaired	(1.0, 24.089506714860622)	(2.0, 1.9126009226585667)	(3.0, 0.9226038098344365)	(4.0, 0.6195043717674691)	(5.0, 0.46789349188998824)	(6.0, 0.3856736686625387)	(7.0, 0.3250415730120983)	(8.0, 0.3047119879122107)	(9.0, 0.2527451515259425)	('>10', 5.870017229095013)	('>50', 4.706950287401516)	('>100', 21.732566735688476)	('>500', 12.464347486096285)	('>1k', 17.463887844217023)	('>5k', 3.410711082796207)	('>10k+', 5.0712376425816075)
PM2524_R1_paired	(1.0, 17.07497243174916)	(2.0, 2.323711017885506)	(3.0, 0.9081774246015386)	(4.0, 0.5723260230474895)	(5.0, 0.3670574412178908)	(6.0, 0.31155816559650873)	(7.0, 0.23498465227089715)	(8.0, 0.21062016073644316)	(9.0, 0.1810934220603711)	('>10', 2.5293415824411922)	('>50', 1.2423391604523837)	('>100', 3.9350732554939225)	('>500', 2.491143073916788)	('>1k', 8.891327214859391)	('>5k', 6.281290059945562)	('>10k+', 52.44498491372494)
PM2524_R1_unpaired	(1.0, 20.32439921045342)	(2.0, 2.0055691835048477)	(3.0, 0.853390025185279)	(4.0, 0.5596176376177957)	(5.0, 0.4665559431714179)	(6.0, 0.3674478527068523)	(7.0, 0.31773164434396817)	(8.0, 0.2758592430817464)	(9.0, 0.25063512490229667)	('>10', 4.642515532850223)	('>50', 2.57993884220064)	('>100', 8.891164275374637)	('>500', 5.776345804726132)	('>1k', 21.498038994189418)	('>5k', 8.89479077819189)	('>10k+', 22.295999907499446)
PM2524_R2_paired	(1.0, 17.651572872231213)	(2.0, 2.1280164805059685)	(3.0, 0.7521582638523097)	(4.0, 0.4423997093030295)	(5.0, 0.2925047573150768)	(6.0, 0.2395701111622448)	(7.0, 0.20330256454871068)	(8.0, 0.16548509077684942)	(9.0, 0.14979178976792581)	('>10', 2.089060966787214)	('>50', 1.072584953226205)	('>100', 4.030076690686431)	('>500', 2.835256904047866)	('>1k', 12.826357292629439)	('>5k', 8.636007243348292)	('>10k+', 46.48585430981122)
PM2524_R2_unpaired	(1.0, 21.869682480033482)	(2.0, 1.5814704623017852)	(3.0, 0.7595846478024494)	(4.0, 0.5479877342055683)	(5.0, 0.44451531839347663)	(6.0, 0.35842181355873387)	(7.0, 0.3199301919125274)	(8.0, 0.2787294377144174)	(9.0, 0.254662321730171)	('>10', 5.005254347634594)	('>50', 2.948136831483831)	('>100', 12.693485876233618)	('>500', 8.627806270764708)	('>1k', 20.038977846596048)	('>5k', 9.536502855865074)	('>10k+', 14.73485156376949)
PM2528_R1_paired	(1.0, 2.750522633619724)	(2.0, 0.7532407745814165)	(3.0, 0.4955134578219022)	(4.0, 0.3617807177536681)	(5.0, 0.2839397355656503)	(6.0, 0.2596020439457374)	(7.0, 0.2071992664938529)	(8.0, 0.18768526150131015)	(9.0, 0.1558927814572798)	('>10', 3.284272817789865)	('>50', 2.4249622795882866)	('>100', 11.272992191244482)	('>500', 6.902074331397966)	('>1k', 27.51127544683681)	('>5k', 14.709028422393954)	('>10k+', 28.440017838008107)
PM2528_R1_unpaired	(1.0, 5.164417217161109)	(2.0, 1.5347333180002163)	(3.0, 0.874596934493573)	(4.0, 0.6860300579865992)	(5.0, 0.49883402306974084)	(6.0, 0.49167518365469415)	(7.0, 0.4200867895042275)	(8.0, 0.34727986949588063)	(9.0, 0.3207769320869845)	('>10', 7.445954570309704)	('>50', 5.425029435015254)	('>100', 19.92305009207486)	('>500', 12.319296423169659)	('>1k', 26.842906123244752)	('>5k', 8.309280140617883)	('>10k+', 9.396052890114861)
PM2528_R2_paired	(1.0, 3.4524985405536746)	(2.0, 0.8975151459474591)	(3.0, 0.48433627105438054)	(4.0, 0.32188203767169804)	(5.0, 0.22991135618278435)	(6.0, 0.18203070560888102)	(7.0, 0.15374524942161416)	(8.0, 0.13710799437439422)	(9.0, 0.11872704523518306)	('>10', 3.130827432308262)	('>50', 3.0161566203821297)	('>100', 16.53814022441737)	('>500', 12.656507660868089)	('>1k', 37.56883290842643)	('>5k', 12.424827307900694)	('>10k+', 8.686953499646952)
PM2528_R2_unpaired	(1.0, 8.64432703003337)	(2.0, 1.9095291064145345)	(3.0, 1.10678531701891)	(4.0, 0.96403411197627)	(5.0, 0.7971820541342233)	(6.0, 0.8509454949944383)	(7.0, 0.8337968112717834)	(8.0, 0.67853170189099)	(9.0, 0.6924360400444939)	('>10', 18.550241008527994)	('>50', 13.664720059325175)	('>100', 33.02465702632555)	('>500', 8.368557656655543)	('>1k', 9.914256581386725)	('>5k', 0.0)	('>10k+', 0.0)
PM2539_R1_paired	(1.0, 13.630401685874544)	(2.0, 2.329344237800132)	(3.0, 0.7831691747362118)	(4.0, 0.4619090451448463)	(5.0, 0.34260768677017805)	(6.0, 0.27131326813577766)	(7.0, 0.23188337229307524)	(8.0, 0.19483393746729039)	(9.0, 0.1855448306515853)	('>10', 2.778394838082927)	('>50', 1.4992726240912382)	('>100', 5.257064425648295)	('>500', 3.4480771216435913)	('>1k', 13.033902504816655)	('>5k', 10.177963188743142)	('>10k+', 45.37431805810052)
PM2539_R1_unpaired	(1.0, 15.310728466679436)	(2.0, 2.2780834875017812)	(3.0, 0.8753997439754566)	(4.0, 0.5863528413398681)	(5.0, 0.44914444603453363)	(6.0, 0.38173015999357796)	(7.0, 0.32526622627325474)	(8.0, 0.28510624624202574)	(9.0, 0.27251432637011447)	('>10', 4.730938905985993)	('>50', 2.913063174436777)	('>100', 10.505271399705798)	('>500', 7.399799502236664)	('>1k', 23.589322563010906)	('>5k', 11.18008623804401)	('>10k+', 18.9171922721698)
PM2539_R2_paired	(1.0, 13.381262436336)	(2.0, 2.2121221012969747)	(3.0, 0.7121436387050796)	(4.0, 0.40072236079813917)	(5.0, 0.28971865289395243)	(6.0, 0.2318216535860436)	(7.0, 0.18597226929963326)	(8.0, 0.14770235554472624)	(9.0, 0.14201064131225707)	('>10', 2.150617216294077)	('>50', 1.1441969398601695)	('>100', 5.0541336794723914)	('>500', 4.110923498067854)	('>1k', 18.044962255268928)	('>5k', 10.556422660622147)	('>10k+', 41.235267640641645)
PM2539_R2_unpaired	(1.0, 15.544151206103002)	(2.0, 1.4414768582078157)	(3.0, 0.7289083138810551)	(4.0, 0.5249114395407604)	(5.0, 0.4254385044232191)	(6.0, 0.36717078291082006)	(7.0, 0.2908904896103296)	(8.0, 0.2803793005546117)	(9.0, 0.24648846135180047)	('>10', 5.533802666455907)	('>50', 3.620402464325898)	('>100', 15.55670692101624)	('>500', 10.16669806532031)	('>1k', 21.827055316489428)	('>5k', 8.412636744275794)	('>10k+', 15.032882465533012)
PM2577_R1_paired	(1.0, 8.945865331702976)	(2.0, 1.3666724768604712)	(3.0, 0.6149623094399205)	(4.0, 0.3787388372897135)	(5.0, 0.2784532263990353)	(6.0, 0.22032629970475986)	(7.0, 0.18283908914544922)	(8.0, 0.1590464004105885)	(9.0, 0.1345331903767528)	('>10', 2.0599469143437372)	('>50', 0.9493409294153262)	('>100', 3.2288147210015703)	('>500', 2.3056256275632316)	('>1k', 10.193943928240556)	('>5k', 6.731758917282848)	('>10k+', 62.24913180082308)
PM2577_R1_unpaired	(1.0, 11.511663904255935)	(2.0, 1.465928813402773)	(3.0, 0.7922978287875073)	(4.0, 0.5623562892160154)	(5.0, 0.45163918894051186)	(6.0, 0.38178354176445933)	(7.0, 0.33457218381968623)	(8.0, 0.30769406750101463)	(9.0, 0.2738612529660094)	('>10', 5.189201745199097)	('>50', 3.311786330499645)	('>100', 12.812193898223608)	('>500', 9.067008903827828)	('>1k', 27.19098330426082)	('>5k', 11.199529670752897)	('>10k+', 15.147499076582186)
PM2577_R2_paired	(1.0, 9.286625920324042)	(2.0, 1.3525594676162735)	(3.0, 0.5505396875221091)	(4.0, 0.34217232539494713)	(5.0, 0.2584358777053607)	(6.0, 0.2034530482454677)	(7.0, 0.15247994431763207)	(8.0, 0.14258081256664734)	(9.0, 0.11536503641852976)	('>10', 1.515281873306405)	('>50', 0.6602437888071888)	('>100', 2.7922062798341685)	('>500', 2.550641527000526)	('>1k', 13.48219482517275)	('>5k', 9.926512930400776)	('>10k+', 56.668706655367174)
PM2577_R2_unpaired	(1.0, 13.659288417609355)	(2.0, 1.4012261383965083)	(3.0, 0.7219909855640058)	(4.0, 0.5108776400532106)	(5.0, 0.39643403262601773)	(6.0, 0.32379343475225925)	(7.0, 0.28941852708869487)	(8.0, 0.2436696289899701)	(9.0, 0.22870992425877146)	('>10', 4.633150663186376)	('>50', 3.4412038357124306)	('>100', 16.120111180584328)	('>500', 10.452888301421996)	('>1k', 24.938092616730355)	('>5k', 9.939310317492932)	('>10k+', 12.699834355532772)
PM2601_R1_paired	(1.0, 3.184390410750501)	(2.0, 0.5498328564770726)	(3.0, 0.31405958651243643)	(4.0, 0.23795365730912235)	(5.0, 0.1970422666925007)	(6.0, 0.16236239811255343)	(7.0, 0.14662398384677827)	(8.0, 0.1323268263595882)	(9.0, 0.12062096953542861)	('>10', 2.0344306190569137)	('>50', 1.073955685834114)	('>100', 3.941903169233664)	('>500', 3.104213868109682)	('>1k', 15.313838881394787)	('>5k', 10.39309884656766)	('>10k+', 59.09334597420721)
PM2601_R1_unpaired	(1.0, 5.499338814584908)	(2.0, 1.358052714125189)	(3.0, 0.8414338354155954)	(4.0, 0.6423872831079096)	(5.0, 0.513792905078607)	(6.0, 0.419443080625725)	(7.0, 0.36202475583376487)	(8.0, 0.33318478410327895)	(9.0, 0.2994707441690376)	('>10', 5.773982026778359)	('>50', 3.634319397444901)	('>100', 17.367874170508316)	('>500', 12.164381654712761)	('>1k', 35.0075496015142)	('>5k', 8.712249087735747)	('>10k+', 7.070515144261701)
PM2601_R2_paired	(1.0, 3.2435680116497694)	(2.0, 0.5658210532962485)	(3.0, 0.3173800210044045)	(4.0, 0.23413300052933747)	(5.0, 0.18276623435179168)	(6.0, 0.14815193851599798)	(7.0, 0.1276694601600054)	(8.0, 0.10827081418473096)	(9.0, 0.09391016641646463)	('>10', 1.2335136112421308)	('>50', 0.5687705584639114)	('>100', 3.111692613894358)	('>500', 3.773875436849921)	('>1k', 21.89353450973926)	('>5k', 15.749748752147976)	('>10k+', 48.64719381755368)
PM2601_R2_unpaired	(1.0, 6.3341407627240445)	(2.0, 1.3313521596803746)	(3.0, 0.7825818956986953)	(4.0, 0.572770294542597)	(5.0, 0.420492253843917)	(6.0, 0.3486587500396658)	(7.0, 0.30774344918240093)	(8.0, 0.2652604182387064)	(9.0, 0.22699164416979012)	('>10', 4.9157656305511)	('>50', 4.340244616988872)	('>100', 23.379842460973137)	('>500', 15.009938407572074)	('>1k', 31.236078502288734)	('>5k', 4.819551616928026)	('>10k+', 5.708587136577871)
PM2616_R1_paired	(1.0, 11.653609372772648)	(2.0, 1.5861280960771142)	(3.0, 0.535948871711645)	(4.0, 0.3282417475830337)	(5.0, 0.2683651979370023)	(6.0, 0.2101136400680899)	(7.0, 0.17906687754195807)	(8.0, 0.15944843195563355)	(9.0, 0.1421672305760691)	('>10', 2.4402894406352376)	('>50', 1.3108516481054453)	('>100', 4.6253084739371895)	('>500', 3.274288091724554)	('>1k', 12.443465169360902)	('>5k', 8.26051559914817)	('>10k+', 52.582192110865314)
PM2616_R1_unpaired	(1.0, 13.437853147649012)	(2.0, 1.67641179660625)	(3.0, 0.6970682456984176)	(4.0, 0.46563943629325716)	(5.0, 0.3696866980314873)	(6.0, 0.3157251387445733)	(7.0, 0.2681735009133301)	(8.0, 0.24873471649065043)	(9.0, 0.2262480765423818)	('>10', 4.047132306248318)	('>50', 2.421040790760889)	('>100', 8.30483226615561)	('>500', 5.163817187928514)	('>1k', 20.29973437197769)	('>5k', 11.097145939068414)	('>10k+', 30.96075638089118)
PM2616_R2_paired	(1.0, 10.94073423735535)	(2.0, 1.4213925226692297)	(3.0, 0.4595551181487143)	(4.0, 0.27058638789916956)	(5.0, 0.20422245781623835)	(6.0, 0.1690319828857333)	(7.0, 0.1391786469382872)	(8.0, 0.12924042766911453)	(9.0, 0.11300314128301489)	('>10', 1.7989526631198656)	('>50', 1.0013218167874154)	('>100', 4.278491441984973)	('>500', 3.4312986577160496)	('>1k', 15.137130287303172)	('>5k', 9.856830857933796)	('>10k+', 50.64902935248989)
PM2616_R2_unpaired	(1.0, 12.787787148016116)	(2.0, 1.2651478275485482)	(3.0, 0.6677364100877143)	(4.0, 0.49320175904006686)	(5.0, 0.4121815858086465)	(6.0, 0.3545131123264969)	(7.0, 0.2980692184162423)	(8.0, 0.2694906982687738)	(9.0, 0.23193419200932627)	('>10', 4.622584657246064)	('>50', 3.193680251444951)	('>100', 14.975403554613584)	('>500', 9.009305422069392)	('>1k', 25.07121045398502)	('>5k', 8.087395357435122)	('>10k+', 18.260358351683934)
PM2622_R1_paired	(1.0, 5.406248919964998)	(2.0, 0.785591998331889)	(3.0, 0.3066580720550003)	(4.0, 0.21083388952274892)	(5.0, 0.1638967479165962)	(6.0, 0.134922626495124)	(7.0, 0.117863299020824)	(8.0, 0.10568816178890392)	(9.0, 0.0964664231472176)	('>10', 1.656725133848818)	('>50', 0.9957234741497969)	('>100', 3.5964236706501307)	('>500', 2.7269014243966723)	('>1k', 11.604709266754778)	('>5k', 8.23199897915368)	('>10k+', 63.85934791280283)
PM2622_R1_unpaired	(1.0, 8.556286569283522)	(2.0, 1.3815527879104057)	(3.0, 0.8000264226329004)	(4.0, 0.6427850486252621)	(5.0, 0.5227789059930965)	(6.0, 0.4747390989797578)	(7.0, 0.38946700599666423)	(8.0, 0.36811870123016355)	(9.0, 0.3214433270737481)	('>10', 6.311178279964438)	('>50', 4.076101004207758)	('>100', 15.551190289859498)	('>500', 10.473182528394608)	('>1k', 30.215230274775095)	('>5k', 9.530483985128718)	('>10k+', 10.38543576994436)
PM2622_R2_paired	(1.0, 5.449495887149455)	(2.0, 0.7779063498366534)	(3.0, 0.2898168968059207)	(4.0, 0.18544402961734066)	(5.0, 0.14124494837682214)	(6.0, 0.11520531348825018)	(7.0, 0.09192653331136406)	(8.0, 0.08278620766742303)	(9.0, 0.07297199773588674)	('>10', 1.165016985536976)	('>50', 0.6420050371566476)	('>100', 2.947933942585082)	('>500', 2.943316152115207)	('>1k', 15.336719840808385)	('>5k', 12.500983082388423)	('>10k+', 57.25722679542016)
PM2622_R2_unpaired	(1.0, 9.0478985772438)	(2.0, 1.2677317566697557)	(3.0, 0.7557721386005676)	(4.0, 0.5479237164549722)	(5.0, 0.4354146581994519)	(6.0, 0.3625536689843137)	(7.0, 0.3374808564816666)	(8.0, 0.28800326447238317)	(9.0, 0.2541919201649695)	('>10', 4.975485250748212)	('>50', 3.7917447590058972)	('>100', 17.91486600731277)	('>500', 12.838743632856422)	('>1k', 31.19035442837185)	('>5k', 8.76556811582225)	('>10k+', 7.2262672486107125)
PM3050_R1_paired	(1.0, 19.796025485914505)	(2.0, 1.6080002378050535)	(3.0, 0.7427763540567188)	(4.0, 0.5027302159338132)	(5.0, 0.36846898239859166)	(6.0, 0.2909634419006244)	(7.0, 0.2668230358222621)	(8.0, 0.22035131103730504)	(9.0, 0.2084758765508876)	('>10', 4.194716262296982)	('>50', 3.039695269471788)	('>100', 14.125450423142249)	('>500', 9.487881062630757)	('>1k', 26.92251599846451)	('>5k', 10.684972925978018)	('>10k+', 7.540153116595947)
PM3050_R1_unpaired	(1.0, 23.163682162324644)	(2.0, 1.9489903413768364)	(3.0, 1.0868018800189223)	(4.0, 0.7489009128587419)	(5.0, 0.5952280181216152)	(6.0, 0.5364014980413738)	(7.0, 0.4871757213719309)	(8.0, 0.46217873275500776)	(9.0, 0.47523870004018964)	('>10', 10.452109944723938)	('>50', 7.393718257263575)	('>100', 24.71070958085956)	('>500', 11.528372616882356)	('>1k', 14.373175903398398)	('>5k', 0.6846201678654089)	('>10k+', 1.3526955620975025)
PM3050_R2_paired	(1.0, 20.165747492053573)	(2.0, 1.3611499725245688)	(3.0, 0.5723924548951673)	(4.0, 0.34386630151356357)	(5.0, 0.232527715500972)	(6.0, 0.18849452283119095)	(7.0, 0.1420802925175108)	(8.0, 0.13635078551238997)	(9.0, 0.11998440089969885)	('>10', 3.099559054515393)	('>50', 3.463825259420456)	('>100', 19.367967975516617)	('>500', 13.042120786952893)	('>1k', 27.00082789559132)	('>5k', 5.8312722787332945)	('>10k+', 4.9318328110213745)
PM3050_R2_unpaired	(1.0, 25.64211960197858)	(2.0, 1.7085373978957887)	(3.0, 1.0665037382296259)	(4.0, 0.8928060609935303)	(5.0, 0.81348412172238)	(6.0, 0.8528555952292284)	(7.0, 0.7254772985894251)	(8.0, 0.815221098494741)	(9.0, 0.7503739656599321)	('>10', 21.288097825927125)	('>50', 13.359667348485551)	('>100', 24.856137612485252)	('>500', 4.2240380142531135)	('>1k', 3.0046803200557233)	('>5k', 0.0)	('>10k+', 0.0)
PM3051_R1_paired	(1.0, 7.976709034030111)	(2.0, 1.1018942713371707)	(3.0, 0.6221244619133283)	(4.0, 0.44680832954304184)	(5.0, 0.35120622002945184)	(6.0, 0.31636844741978815)	(7.0, 0.2569392897370768)	(8.0, 0.22578111527949643)	(9.0, 0.19357263944729622)	('>10', 4.560438773498081)	('>50', 3.586037960884668)	('>100', 17.17524183387885)	('>500', 13.052337162492133)	('>1k', 32.596988186238235)	('>5k', 9.315681675960898)	('>10k+', 8.221870598310375)
PM3051_R1_unpaired	(1.0, 10.914038476441696)	(2.0, 1.8932620167597847)	(3.0, 1.0633149046862183)	(4.0, 0.7585915464125551)	(5.0, 0.5812261752100821)	(6.0, 0.544817290272394)	(7.0, 0.4749239288257477)	(8.0, 0.4971494328840954)	(9.0, 0.37900333236340455)	('>10', 11.193465701806845)	('>50', 8.239374527525262)	('>100', 30.20562977866615)	('>500', 15.009526260456587)	('>1k', 16.929985275603563)	('>5k', 1.3156913520856148)	('>10k+', 0.0)
PM3051_R2_paired	(1.0, 8.480952364627626)	(2.0, 0.997536131598192)	(3.0, 0.4624306165497607)	(4.0, 0.28006005438802567)	(5.0, 0.20604810154862818)	(6.0, 0.15541512415595932)	(7.0, 0.1304142334541194)	(8.0, 0.13179870692375825)	(9.0, 0.11699084410585504)	('>10', 3.730424139267271)	('>50', 4.157046475157385)	('>100', 24.33885135003007)	('>500', 16.246811290331124)	('>1k', 33.59468458873323)	('>5k', 5.366676260022663)	('>10k+', 1.6038597191063393)
PM3051_R2_unpaired	(1.0, 14.127937177969235)	(2.0, 1.9084344566483997)	(3.0, 1.35902247722093)	(4.0, 1.1924205481952237)	(5.0, 1.1629376225530341)	(6.0, 1.0276905509563232)	(7.0, 1.100695890641745)	(8.0, 1.040794073463963)	(9.0, 1.0024194718344464)	('>10', 26.92633480435973)	('>50', 16.171150723267644)	('>100', 28.78048323919076)	('>500', 2.714301090868249)	('>1k', 1.485377872830314)	('>5k', 0.0)	('>10k+', 0.0)
PM3153_R1_paired	(1.0, 11.733546767141611)	(2.0, 1.2223542023062295)	(3.0, 0.6711021011532057)	(4.0, 0.4502394306442863)	(5.0, 0.35293318934221096)	(6.0, 0.28809959065227847)	(7.0, 0.24746738367321772)	(8.0, 0.23755405014348985)	(9.0, 0.21324477913138934)	('>10', 4.80048175758233)	('>50', 3.8549919927196292)	('>100', 17.639597905806216)	('>500', 13.415905758826524)	('>1k', 33.68164266957932)	('>5k', 6.705487080559426)	('>10k+', 4.485351340738633)
PM3153_R1_unpaired	(1.0, 14.732358814803902)	(2.0, 1.8872673489256142)	(3.0, 1.0850123389425814)	(4.0, 0.7703655756559133)	(5.0, 0.6423284542932127)	(6.0, 0.565854696343423)	(7.0, 0.4917070633839862)	(8.0, 0.45355616346740785)	(9.0, 0.4265881396175456)	('>10', 11.425339485418073)	('>50', 9.107982065908383)	('>100', 31.208381056358984)	('>500', 14.374944872826537)	('>1k', 11.364663861451307)	('>5k', 1.4636500626031195)	('>10k+', 0.0)
PM3153_R2_paired	(1.0, 12.01417081620173)	(2.0, 1.0395219106448597)	(3.0, 0.44683767416683706)	(4.0, 0.2706524703766375)	(5.0, 0.19171785686180542)	(6.0, 0.1622272025629281)	(7.0, 0.12190162653208743)	(8.0, 0.11542677939728559)	(9.0, 0.10654553408360376)	('>10', 3.6186106080336002)	('>50', 4.122109945483405)	('>100', 24.280024037738947)	('>500', 17.554871252867844)	('>1k', 29.73806305824419)	('>5k', 4.753640053675546)	('>10k+', 1.4636791731287018)
PM3153_R2_unpaired	(1.0, 17.755128510880436)	(2.0, 1.9179354579572983)	(3.0, 1.3957750191416989)	(4.0, 1.1447363466341989)	(5.0, 1.0941102143451866)	(6.0, 1.0644039714317992)	(7.0, 1.0162882258678616)	(8.0, 1.1313476174337989)	(9.0, 0.9790508227792492)	('>10', 27.361960109954936)	('>50', 15.967733162627034)	('>100', 25.641090009916027)	('>500', 2.46394457066111)	('>1k', 1.0664959603693616)	('>5k', 0.0)	('>10k+', 0.0)
PM3183_R1_paired	(1.0, 3.031923809842107)	(2.0, 0.8777158340915293)	(3.0, 0.5502411619580576)	(4.0, 0.4118758406839055)	(5.0, 0.330104854558856)	(6.0, 0.2746275654148861)	(7.0, 0.2305242402910548)	(8.0, 0.21784017053248592)	(9.0, 0.1857227094924399)	('>10', 3.720505305696923)	('>50', 2.9528281662723455)	('>100', 13.417728765949846)	('>500', 10.103811898201911)	('>1k', 30.877641707651087)	('>5k', 14.177298961706104)	('>10k+', 18.639609007656453)
PM3183_R1_unpaired	(1.0, 5.951885315963967)	(2.0, 1.7387491949448484)	(3.0, 1.0313202564621076)	(4.0, 0.72799076926737)	(5.0, 0.6109072865350595)	(6.0, 0.530189355768953)	(7.0, 0.4401251382825604)	(8.0, 0.43366770382127184)	(9.0, 0.3762305236129686)	('>10', 8.930631859962038)	('>50', 7.201568816709121)	('>100', 24.566459745543096)	('>500', 14.153506811743693)	('>1k', 25.412383659971894)	('>5k', 4.8532717951158)	('>10k+', 3.041111766295251)
PM3183_R2_paired	(1.0, 3.673534243540635)	(2.0, 0.9642972234046209)	(3.0, 0.4978704325542797)	(4.0, 0.32362356690941363)	(5.0, 0.23714388278919574)	(6.0, 0.20049970597450484)	(7.0, 0.1559102797347737)	(8.0, 0.13564488643579098)	(9.0, 0.12571208010639667)	('>10', 3.4765210153127306)	('>50', 3.355542538222686)	('>100', 19.566348068090882)	('>500', 15.331674569667353)	('>1k', 37.435815854893754)	('>5k', 9.441404016262357)	('>10k+', 5.078457636100632)
PM3183_R2_unpaired	(1.0, 8.786333870778876)	(2.0, 1.9149875246579413)	(3.0, 1.2011457498266063)	(4.0, 0.9998288581233843)	(5.0, 0.8692205838640233)	(6.0, 0.8403966888550609)	(7.0, 0.8354425819003953)	(8.0, 0.7746421783658654)	(9.0, 0.6931246002936434)	('>10', 20.71041893729902)	('>50', 15.088858663832315)	('>100', 33.88474044983291)	('>500', 5.629216620578459)	('>1k', 7.771642691791496)	('>5k', 0.0)	('>10k+', 0.0)
Undetermined_R1_paired	(1.0, 12.059825729498897)	(2.0, 1.3680826014506113)	(3.0, 0.9865520571575052)	(4.0, 0.9931589079152054)	(5.0, 1.1002271080104251)	(6.0, 1.1627034495452966)	(7.0, 1.1427381947226467)	(8.0, 1.0301094286483399)	(9.0, 0.9298996511939914)	('>10', 9.792172147486836)	('>50', 6.167819272167384)	('>100', 24.1749704927338)	('>500', 13.393150482311222)	('>1k', 20.13943141051255)	('>5k', 3.926843060926931)	('>10k+', 1.632316005718355)
Undetermined_R1_unpaired	(1.0, 14.845266540081706)	(2.0, 3.440809416952088)	(3.0, 3.082555804889571)	(4.0, 2.7666990699942158)	(5.0, 2.328799895824816)	(6.0, 1.7479626786346993)	(7.0, 1.3079436606069414)	(8.0, 0.9666487994112891)	(9.0, 0.7713203296054365)	('>10', 15.557231241653117)	('>50', 9.595927477113257)	('>100', 28.178175904643364)	('>500', 5.032206484905197)	('>1k', 8.260728681184569)	('>5k', 2.117724014499732)	('>10k+', 0.0)
Undetermined_R2_paired	(1.0, 12.25217970499069)	(2.0, 1.0692885786251458)	(3.0, 0.7404113323542456)	(4.0, 0.8354812297806549)	(5.0, 0.9569923958028196)	(6.0, 1.025568280878094)	(7.0, 1.0034689854761603)	(8.0, 1.0095624264932492)	(9.0, 0.8744821895419903)	('>10', 11.073681816793254)	('>50', 9.18610849061868)	('>100', 32.818210347414364)	('>500', 13.810438031684768)	('>1k', 12.116030792202809)	('>5k', 1.2280953973430586)	('>10k+', 0.0)
Undetermined_R2_unpaired	(1.0, 23.499076450097313)	(2.0, 4.385932289535994)	(3.0, 3.0309792108297073)	(4.0, 2.6776748856409687)	(5.0, 2.516518526782947)	(6.0, 2.365279482316189)	(7.0, 2.2128007735505224)	(8.0, 2.0826360221651976)	(9.0, 1.8743724199486778)	('>10', 34.83456679931074)	('>50', 10.414419775124896)	('>100', 9.484671550944004)	('>500', 0.6210718137528357)	('>1k', 0.0)	('>5k', 0.0)	('>10k+', 0.0)
