Sample	0	1	2	3	4	5	6	7	8	9	10	11
PM2469_R1_paired	(31.0, 61.0)	(32.0, 1341.0)	(33.0, 13675.0)	(34.0, 75768.0)	(35.0, 261435.0)	(36.0, 684801.0)	(37.0, 1681903.0)					
PM2469_R1_unpaired	(30.0, 19.0)	(31.0, 581.0)	(32.0, 8225.0)	(33.0, 48378.0)	(34.0, 136709.0)	(35.0, 202365.0)	(36.0, 163677.0)	(37.0, 65695.0)				
PM2469_R2_paired	(30.0, 8.0)	(31.0, 334.0)	(32.0, 4916.0)	(33.0, 37125.0)	(34.0, 153368.0)	(35.0, 398855.0)	(36.0, 816270.0)	(37.0, 1308108.0)				
PM2469_R2_unpaired	(29.0, 1.0)	(30.0, 13.0)	(31.0, 504.0)	(32.0, 5668.0)	(33.0, 26593.0)	(34.0, 59924.0)	(35.0, 69148.0)	(36.0, 42529.0)	(37.0, 14946.0)			
PM2486_R1_paired	(30.0, 1.0)	(31.0, 50.0)	(32.0, 659.0)	(33.0, 4624.0)	(34.0, 22350.0)	(35.0, 84851.0)	(36.0, 286075.0)	(37.0, 695209.0)	(38.0, 1692504.0)	(39.0, 8124268.0)	(40.0, 7933334.0)	
PM2486_R1_unpaired	(30.0, 5.0)	(31.0, 144.0)	(32.0, 1304.0)	(33.0, 7349.0)	(34.0, 28325.0)	(35.0, 77239.0)	(36.0, 174298.0)	(37.0, 276779.0)	(38.0, 430828.0)	(39.0, 1085734.0)	(40.0, 793018.0)	
PM2486_R2_paired	(30.0, 3.0)	(31.0, 32.0)	(32.0, 369.0)	(33.0, 2148.0)	(34.0, 11122.0)	(35.0, 43376.0)	(36.0, 155912.0)	(37.0, 428801.0)	(38.0, 1318891.0)	(39.0, 6901629.0)	(40.0, 9981642.0)	
PM2486_R2_unpaired	(29.0, 1.0)	(30.0, 5.0)	(31.0, 70.0)	(32.0, 758.0)	(33.0, 4306.0)	(34.0, 17972.0)	(35.0, 54961.0)	(36.0, 140402.0)	(37.0, 237391.0)	(38.0, 354929.0)	(39.0, 497665.0)	(40.0, 194910.0)
PM2494_R1_paired	(30.0, 3.0)	(31.0, 73.0)	(32.0, 744.0)	(33.0, 5453.0)	(34.0, 26445.0)	(35.0, 98928.0)	(36.0, 327738.0)	(37.0, 784092.0)	(38.0, 1878894.0)	(39.0, 9126771.0)	(40.0, 8671525.0)	
PM2494_R1_unpaired	(30.0, 8.0)	(31.0, 166.0)	(32.0, 1608.0)	(33.0, 8889.0)	(34.0, 34416.0)	(35.0, 93386.0)	(36.0, 210074.0)	(37.0, 338977.0)	(38.0, 535798.0)	(39.0, 1395426.0)	(40.0, 1054481.0)	
PM2494_R2_paired	(30.0, 3.0)	(31.0, 43.0)	(32.0, 397.0)	(33.0, 2417.0)	(34.0, 12212.0)	(35.0, 48007.0)	(36.0, 173513.0)	(37.0, 485868.0)	(38.0, 1507592.0)	(39.0, 7566547.0)	(40.0, 11124067.0)	
PM2494_R2_unpaired	(29.0, 1.0)	(30.0, 6.0)	(31.0, 83.0)	(32.0, 867.0)	(33.0, 4759.0)	(34.0, 20343.0)	(35.0, 62653.0)	(36.0, 160859.0)	(37.0, 278540.0)	(38.0, 428763.0)	(39.0, 605588.0)	(40.0, 236536.0)
PM2497_R1_paired	(30.0, 2.0)	(31.0, 107.0)	(32.0, 1347.0)	(33.0, 8572.0)	(34.0, 43077.0)	(35.0, 162817.0)	(36.0, 541138.0)	(37.0, 1290120.0)	(38.0, 3147749.0)	(39.0, 15123834.0)	(40.0, 12662537.0)	
PM2497_R1_unpaired	(30.0, 12.0)	(31.0, 235.0)	(32.0, 2191.0)	(33.0, 12225.0)	(34.0, 47136.0)	(35.0, 127060.0)	(36.0, 283220.0)	(37.0, 442226.0)	(38.0, 674614.0)	(39.0, 1269158.0)	(40.0, 655015.0)	
PM2497_R2_paired	(30.0, 2.0)	(31.0, 48.0)	(32.0, 564.0)	(33.0, 3881.0)	(34.0, 19916.0)	(35.0, 80840.0)	(36.0, 292835.0)	(37.0, 783903.0)	(38.0, 2291343.0)	(39.0, 12646032.0)	(40.0, 16861936.0)	
PM2497_R2_unpaired	(30.0, 7.0)	(31.0, 147.0)	(32.0, 1358.0)	(33.0, 8004.0)	(34.0, 34131.0)	(35.0, 107365.0)	(36.0, 274827.0)	(37.0, 465605.0)	(38.0, 695486.0)	(39.0, 928201.0)	(40.0, 269964.0)	
PM2524_R1_paired	(30.0, 5.0)	(31.0, 96.0)	(32.0, 1247.0)	(33.0, 8625.0)	(34.0, 43011.0)	(35.0, 164553.0)	(36.0, 564991.0)	(37.0, 1398400.0)	(38.0, 3316893.0)	(39.0, 14304027.0)	(40.0, 12751371.0)	
PM2524_R1_unpaired	(30.0, 7.0)	(31.0, 223.0)	(32.0, 2344.0)	(33.0, 12675.0)	(34.0, 49538.0)	(35.0, 135374.0)	(36.0, 307870.0)	(37.0, 491754.0)	(38.0, 764190.0)	(39.0, 1748134.0)	(40.0, 1140978.0)	
PM2524_R2_paired	(29.0, 1.0)	(30.0, 6.0)	(31.0, 62.0)	(32.0, 650.0)	(33.0, 4136.0)	(34.0, 21155.0)	(35.0, 84789.0)	(36.0, 309205.0)	(37.0, 863456.0)	(38.0, 2624528.0)	(39.0, 13042695.0)	(40.0, 15602536.0)
PM2524_R2_unpaired	(30.0, 10.0)	(31.0, 148.0)	(32.0, 1438.0)	(33.0, 7903.0)	(34.0, 33170.0)	(35.0, 102854.0)	(36.0, 261140.0)	(37.0, 445420.0)	(38.0, 673046.0)	(39.0, 976995.0)	(40.0, 366379.0)	
PM2528_R1_paired	(31.0, 69.0)	(32.0, 1381.0)	(33.0, 13771.0)	(34.0, 76882.0)	(35.0, 265162.0)	(36.0, 696558.0)	(37.0, 1683284.0)					
PM2528_R1_unpaired	(30.0, 13.0)	(31.0, 694.0)	(32.0, 9022.0)	(33.0, 52732.0)	(34.0, 145186.0)	(35.0, 214864.0)	(36.0, 172908.0)	(37.0, 61112.0)				
PM2528_R2_paired	(30.0, 7.0)	(31.0, 346.0)	(32.0, 5632.0)	(33.0, 41016.0)	(34.0, 167612.0)	(35.0, 429426.0)	(36.0, 844686.0)	(37.0, 1248382.0)				
PM2528_R2_unpaired	(30.0, 19.0)	(31.0, 585.0)	(32.0, 6246.0)	(33.0, 28515.0)	(34.0, 61928.0)	(35.0, 68153.0)	(36.0, 38940.0)	(37.0, 11374.0)				
PM2539_R1_paired	(30.0, 7.0)	(31.0, 83.0)	(32.0, 1012.0)	(33.0, 6555.0)	(34.0, 33250.0)	(35.0, 123165.0)	(36.0, 406027.0)	(37.0, 982396.0)	(38.0, 2277806.0)	(39.0, 9167278.0)	(40.0, 8218611.0)	
PM2539_R1_unpaired	(30.0, 10.0)	(31.0, 147.0)	(32.0, 1848.0)	(33.0, 10138.0)	(34.0, 41582.0)	(35.0, 116417.0)	(36.0, 270565.0)	(37.0, 462251.0)	(38.0, 775820.0)	(39.0, 1943430.0)	(40.0, 1377649.0)	
PM2539_R2_paired	(30.0, 2.0)	(31.0, 40.0)	(32.0, 416.0)	(33.0, 2639.0)	(34.0, 13007.0)	(35.0, 50268.0)	(36.0, 179226.0)	(37.0, 497794.0)	(38.0, 1584300.0)	(39.0, 7603792.0)	(40.0, 11284706.0)	
PM2539_R2_unpaired	(29.0, 1.0)	(30.0, 4.0)	(31.0, 89.0)	(32.0, 807.0)	(33.0, 4824.0)	(34.0, 20287.0)	(35.0, 63954.0)	(36.0, 170176.0)	(37.0, 309604.0)	(38.0, 520207.0)	(39.0, 820521.0)	(40.0, 378112.0)
PM2577_R1_paired	(30.0, 14.0)	(31.0, 213.0)	(32.0, 2687.0)	(33.0, 18241.0)	(34.0, 92975.0)	(35.0, 356345.0)	(36.0, 1207998.0)	(37.0, 2948390.0)	(38.0, 7375207.0)	(39.0, 37131413.0)	(40.0, 31664359.0)	
PM2577_R1_unpaired	(30.0, 19.0)	(31.0, 514.0)	(32.0, 5404.0)	(33.0, 30467.0)	(34.0, 115876.0)	(35.0, 311884.0)	(36.0, 679278.0)	(37.0, 1022477.0)	(38.0, 1453122.0)	(39.0, 2316726.0)	(40.0, 951212.0)	
PM2577_R2_paired	(30.0, 9.0)	(31.0, 126.0)	(32.0, 1530.0)	(33.0, 10279.0)	(34.0, 52808.0)	(35.0, 213368.0)	(36.0, 772895.0)	(37.0, 2058024.0)	(38.0, 5876730.0)	(39.0, 31667460.0)	(40.0, 40144613.0)	
PM2577_R2_unpaired	(30.0, 22.0)	(31.0, 389.0)	(32.0, 3610.0)	(33.0, 20254.0)	(34.0, 84278.0)	(35.0, 254047.0)	(36.0, 634910.0)	(37.0, 1037768.0)	(38.0, 1474560.0)	(39.0, 1921200.0)	(40.0, 553423.0)	
PM2601_R1_paired	(30.0, 3.0)	(31.0, 119.0)	(32.0, 1250.0)	(33.0, 8657.0)	(34.0, 45272.0)	(35.0, 174683.0)	(36.0, 589404.0)	(37.0, 1428358.0)	(38.0, 3520052.0)	(39.0, 16339128.0)	(40.0, 12456479.0)	
PM2601_R1_unpaired	(30.0, 9.0)	(31.0, 209.0)	(32.0, 2287.0)	(33.0, 12648.0)	(34.0, 49433.0)	(35.0, 132931.0)	(36.0, 296404.0)	(37.0, 459131.0)	(38.0, 687850.0)	(39.0, 1201918.0)	(40.0, 498722.0)	
PM2601_R2_paired	(30.0, 3.0)	(31.0, 66.0)	(32.0, 649.0)	(33.0, 4336.0)	(34.0, 23006.0)	(35.0, 93186.0)	(36.0, 335222.0)	(37.0, 892332.0)	(38.0, 2573798.0)	(39.0, 14211227.0)	(40.0, 16429580.0)	
PM2601_R2_unpaired	(30.0, 5.0)	(31.0, 160.0)	(32.0, 1519.0)	(33.0, 8612.0)	(34.0, 37149.0)	(35.0, 114750.0)	(36.0, 293235.0)	(37.0, 492936.0)	(38.0, 725698.0)	(39.0, 990864.0)	(40.0, 271799.0)	
PM2616_R1_paired	(30.0, 3.0)	(31.0, 52.0)	(32.0, 589.0)	(33.0, 4069.0)	(34.0, 20735.0)	(35.0, 78695.0)	(36.0, 270476.0)	(37.0, 661744.0)	(38.0, 1576049.0)	(39.0, 6947191.0)	(40.0, 5903578.0)	
PM2616_R1_unpaired	(30.0, 6.0)	(31.0, 123.0)	(32.0, 1255.0)	(33.0, 7199.0)	(34.0, 29615.0)	(35.0, 85013.0)	(36.0, 209022.0)	(37.0, 371573.0)	(38.0, 652647.0)	(39.0, 1892711.0)	(40.0, 1347239.0)	
PM2616_R2_paired	(30.0, 1.0)	(31.0, 40.0)	(32.0, 360.0)	(33.0, 2081.0)	(34.0, 10455.0)	(35.0, 40081.0)	(36.0, 147776.0)	(37.0, 439986.0)	(38.0, 1464439.0)	(39.0, 6092457.0)	(40.0, 7265505.0)	
PM2616_R2_unpaired	(30.0, 8.0)	(31.0, 70.0)	(32.0, 601.0)	(33.0, 3442.0)	(34.0, 14607.0)	(35.0, 45568.0)	(36.0, 120780.0)	(37.0, 224069.0)	(38.0, 379526.0)	(39.0, 577971.0)	(40.0, 258514.0)	
PM2622_R1_paired	(30.0, 3.0)	(31.0, 97.0)	(32.0, 989.0)	(33.0, 7201.0)	(34.0, 36183.0)	(35.0, 138980.0)	(36.0, 470792.0)	(37.0, 1140798.0)	(38.0, 2784210.0)	(39.0, 13758924.0)	(40.0, 12839149.0)	
PM2622_R1_unpaired	(30.0, 9.0)	(31.0, 208.0)	(32.0, 1991.0)	(33.0, 11037.0)	(34.0, 41919.0)	(35.0, 109648.0)	(36.0, 233480.0)	(37.0, 340932.0)	(38.0, 460206.0)	(39.0, 688901.0)	(40.0, 287538.0)	
PM2622_R2_paired	(31.0, 54.0)	(32.0, 508.0)	(33.0, 3436.0)	(34.0, 17768.0)	(35.0, 71364.0)	(36.0, 263385.0)	(37.0, 700339.0)	(38.0, 1971629.0)	(39.0, 11803740.0)	(40.0, 16345103.0)		
PM2622_R2_unpaired	(30.0, 14.0)	(31.0, 141.0)	(32.0, 1379.0)	(33.0, 7713.0)	(34.0, 31532.0)	(35.0, 95560.0)	(36.0, 237423.0)	(37.0, 388828.0)	(38.0, 555792.0)	(39.0, 759776.0)	(40.0, 239592.0)	
PM3050_R1_paired	(29.0, 1.0)	(30.0, 1.0)	(31.0, 95.0)	(32.0, 2278.0)	(33.0, 22472.0)	(34.0, 119752.0)	(35.0, 396013.0)	(36.0, 993245.0)	(37.0, 2496413.0)			
PM3050_R1_unpaired	(30.0, 20.0)	(31.0, 831.0)	(32.0, 11503.0)	(33.0, 63996.0)	(34.0, 175730.0)	(35.0, 253070.0)	(36.0, 197730.0)	(37.0, 76556.0)				
PM3050_R2_paired	(30.0, 12.0)	(31.0, 365.0)	(32.0, 6149.0)	(33.0, 47531.0)	(34.0, 204928.0)	(35.0, 553460.0)	(36.0, 1164937.0)	(37.0, 2052888.0)				
PM3050_R2_unpaired	(30.0, 24.0)	(31.0, 748.0)	(32.0, 8231.0)	(33.0, 40226.0)	(34.0, 93020.0)	(35.0, 110317.0)	(36.0, 69688.0)	(37.0, 24626.0)				
PM3051_R1_paired	(31.0, 67.0)	(32.0, 1326.0)	(33.0, 13781.0)	(34.0, 76646.0)	(35.0, 267523.0)	(36.0, 713323.0)	(37.0, 1777229.0)					
PM3051_R1_unpaired	(30.0, 20.0)	(31.0, 698.0)	(32.0, 9422.0)	(33.0, 53490.0)	(34.0, 148669.0)	(35.0, 223302.0)	(36.0, 184379.0)	(37.0, 63919.0)				
PM3051_R2_paired	(30.0, 6.0)	(31.0, 338.0)	(32.0, 5588.0)	(33.0, 42057.0)	(34.0, 173611.0)	(35.0, 448037.0)	(36.0, 891662.0)	(37.0, 1288596.0)				
PM3051_R2_unpaired	(29.0, 1.0)	(30.0, 15.0)	(31.0, 569.0)	(32.0, 6270.0)	(33.0, 28279.0)	(34.0, 61720.0)	(35.0, 67473.0)	(36.0, 38738.0)	(37.0, 10618.0)			
PM3153_R1_paired	(30.0, 1.0)	(31.0, 61.0)	(32.0, 1473.0)	(33.0, 14881.0)	(34.0, 85481.0)	(35.0, 301763.0)	(36.0, 798308.0)	(37.0, 1964129.0)				
PM3153_R1_unpaired	(30.0, 26.0)	(31.0, 745.0)	(32.0, 10586.0)	(33.0, 60364.0)	(34.0, 167557.0)	(35.0, 250343.0)	(36.0, 199676.0)	(37.0, 64061.0)				
PM3153_R2_paired	(30.0, 8.0)	(31.0, 434.0)	(32.0, 6417.0)	(33.0, 47744.0)	(34.0, 194645.0)	(35.0, 492368.0)	(36.0, 970462.0)	(37.0, 1454019.0)				
PM3153_R2_unpaired	(30.0, 28.0)	(31.0, 685.0)	(32.0, 6931.0)	(33.0, 32338.0)	(34.0, 69321.0)	(35.0, 75676.0)	(36.0, 42572.0)	(37.0, 11456.0)				
PM3183_R1_paired	(31.0, 59.0)	(32.0, 1360.0)	(33.0, 14529.0)	(34.0, 78079.0)	(35.0, 264634.0)	(36.0, 671109.0)	(37.0, 1548569.0)					
PM3183_R1_unpaired	(29.0, 1.0)	(30.0, 22.0)	(31.0, 653.0)	(32.0, 8579.0)	(33.0, 49106.0)	(34.0, 134015.0)	(35.0, 193231.0)	(36.0, 151219.0)	(37.0, 51643.0)			
PM3183_R2_paired	(30.0, 5.0)	(31.0, 303.0)	(32.0, 4951.0)	(33.0, 36926.0)	(34.0, 152468.0)	(35.0, 395104.0)	(36.0, 782447.0)	(37.0, 1206135.0)				
PM3183_R2_unpaired	(30.0, 20.0)	(31.0, 595.0)	(32.0, 6071.0)	(33.0, 28032.0)	(34.0, 62470.0)	(35.0, 70642.0)	(36.0, 42002.0)	(37.0, 12206.0)				
Undetermined_R1_paired	(31.0, 36.0)	(32.0, 485.0)	(33.0, 5206.0)	(34.0, 29000.0)	(35.0, 104761.0)	(36.0, 292812.0)	(37.0, 634202.0)					
Undetermined_R1_unpaired	(30.0, 25.0)	(31.0, 442.0)	(32.0, 4735.0)	(33.0, 25149.0)	(34.0, 67774.0)	(35.0, 100585.0)	(36.0, 87816.0)	(37.0, 43687.0)				
Undetermined_R2_paired	(30.0, 4.0)	(31.0, 166.0)	(32.0, 2400.0)	(33.0, 17433.0)	(34.0, 69078.0)	(35.0, 174998.0)	(36.0, 350383.0)	(37.0, 452040.0)				
Undetermined_R2_unpaired	(26.0, 1.0)	(27.0, 0.0)	(28.0, 0.0)	(29.0, 4.0)	(30.0, 22.0)	(31.0, 259.0)	(32.0, 2565.0)	(33.0, 11145.0)	(34.0, 23032.0)	(35.0, 24889.0)	(36.0, 14241.0)	(37.0, 4509.0)
